52.7091 6.19129
52.7091 6.19129
51.8192 4.69166
51.8161 4.65073
51.8033 4.65101
51.7708 4.64434
51.781 4.60795
51.8152 4.61925
51.8184 4.6194
51.8357 4.60735
51.8054 4.55658
51.8873 4.55282
51.8927 4.51259
51.8977 4.50477
51.9112 4.51142
51.9209 4.50632
51.9208 4.50138
51.9138 4.49497
51.9188 4.49035
51.92 4.49135
51.9242 4.48735
51.9267 4.49275
51.9352 4.48907
51.9381 4.4843
51.94 4.48185
51.9395 4.47909
51.9354 4.47848
51.9335 4.47662
51.9291 4.47748
51.9153 4.46792
51.9014 4.47861
51.8729 4.48209
51.8709 4.48341
51.8736 4.44796
51.9161 4.43731
51.9143 4.42059
51.9204 4.40666
51.935 4.44158
51.9514 4.46531
51.9509 4.47086
51.951 4.4739
51.9561 4.4764
51.9604 4.47172
52.7091 6.19129
51.6294 4.92031
51.6239 4.92296
51.5924 4.86144
51.6259 4.84771
51.6603 4.81849
51.6603 4.81321
51.6612 4.80788
51.6047 4.78272
51.6091 4.74515
51.5977 4.77155
51.5881 4.77596
51.5909 4.78312
51.5872 4.79142
51.583 4.78837
51.5749 4.797
51.5915 4.80836
51.5613 4.83378
51.5196 4.76244
51.5436 4.71161
51.5727 4.60874
51.5816 4.47671
51.5496 4.47242
51.5092 4.35154
51.5118 4.30546
51.5105 4.28872
51.512 4.28469
51.5285 4.27809
51.5701 4.20069
51.603 4.10183
51.6343 4.0057
51.6578 3.93578
51.6494 3.91724
51.7277 3.90718
51.8038 4.02533
51.7485 4.08267
51.8282 4.16496
52.0058 4.44245
52.0169 4.44724
52.0542 4.46706
52.7091 6.19129
51.5878 5.14193
51.4485 4.92142
51.5721 4.73947
51.7274 4.44454
51.7317 4.44456
51.7704 4.44466
51.8577 4.40116
51.8545 4.38747
51.8474 4.37055
51.8523 4.36645
51.8431 4.33865
51.8498 4.32685
51.9058 4.24033
51.9354 4.27763
51.9758 4.25594
51.9958 4.22736
52.0004 4.15494
52.0357 4.19131
52.0193 4.20139
52.0265 4.22074
52.0559 4.24164
52.0615 4.23501
52.0649 4.24515
52.0538 4.25239
52.0523 4.27119
52.0517 4.27788
52.0612 4.2797
52.0671 4.27871
52.0787 4.24913
52.09 4.25503
52.0923 4.25853
52.0872 4.27478
52.0773 4.27743
52.0775 4.28169
52.082 4.29335
52.0875 4.30876
52.1486 4.39317
52.1977 4.44511
52.7091 6.19129
51.2617 4.05546
51.2774 3.97335
51.244 3.94277
51.3231 3.8533
51.3192 3.85102
51.3233 3.84414
51.4271 3.8218
51.4727 3.82165
51.4743 3.82209
51.423 3.72638
51.4833 3.63553
51.4887 3.63084
51.4924 3.6309
51.4861 3.62767
51.4915 3.61332
51.4897 3.60388
51.4831 3.60162
51.4772 3.59779
51.4687 3.60276
51.3185 3.56604
51.3547 3.55124
51.3951 3.50189
51.3829 3.43187
51.3096 3.38809
51.3086 3.38543
51.3704 3.37829
51.5112 3.46715
51.4723 3.52175
51.4736 3.53164
51.4532 3.55835
51.4921 3.5968
51.4991 3.61059
51.5001 3.61183
51.5666 3.67013
51.5941 3.74747
51.8532 4.31402
51.9378 4.5054
51.9226 4.55784
51.9162 4.58641
52.7091 6.19129
52.4513 4.80284
52.378 4.54564
52.3797 4.53159
52.374 4.53323
52.2517 4.47434
52.2353 4.45612
52.2322 4.45795
52.2278 4.44295
52.2084 4.42507
52.1981 4.42619
52.1285 4.44137
52.0932 4.38713
52.0721 4.37008
52.0483 4.37852
52.0452 4.38345
52.0428 4.3716
52.0188 4.36474
52.0243 4.35258
52.0229 4.34825
52.0162 4.33887
51.9957 4.34013
51.9841 4.3388
51.986 4.36032
51.9976 4.37303
51.9431 4.378
51.9147 4.38566
51.912 4.38639
51.9112 4.3809
51.9163 4.36269
51.914 4.35628
51.9282 4.35134
51.9137 4.33976
51.9102 4.32817
51.9129 4.32382
51.916 4.32263
51.9048 4.31692
51.8666 4.34187
51.8668 4.36216
51.8702 4.36132
51.9289 4.50228
51.9334 4.50508
52.7091 6.19129
51.8329 4.33161
51.8293 4.32487
51.7944 4.27555
51.6826 4.34273
51.6812 4.3492
51.6832 4.35237
51.6368 4.3634
51.403 4.35389
51.3928 4.33741
51.4183 4.1775
51.416 4.17636
51.4178 4.17462
51.4481 4.03045
51.492 3.8921
51.4951 3.89078
51.5038 3.88355
51.4923 3.81842
51.5296 3.82213
51.8727 4.07518
51.9032 4.16919
51.9052 4.24239
52.021 4.27327
52.0222 4.27749
52.021 4.30045
52.023 4.31438
52.0346 4.31772
52.0506 4.33462
52.0529 4.30207
52.0608 4.30122
52.065 4.30828
52.0675 4.31348
52.0825 4.30574
52.0939 4.30251
52.112 4.29262
52.0952 4.32958
52.0864 4.33524
52.0861 4.33882
52.0853 4.34106
52.0925 4.35091
52.1004 4.35929
52.0694 4.41328
52.0545 4.4936
52.0726 4.51214
52.1676 4.82536
52.7091 6.19129
52.3768 4.84771
52.3116 4.8439
52.2998 4.847
52.2988 4.85115
52.2915 4.85756
52.2851 4.86238
52.2798 4.86181
52.2832 4.83651
52.2805 4.80455
52.2788 4.80168
52.2529 4.83545
52.2499 4.83159
52.1832 4.77767
52.1399 4.67875
52.1424 4.67637
52.1252 4.66822
52.1349 4.6633
52.1342 4.65467
52.1348 4.64655
52.1206 4.6521
52.118 4.65034
52.1315 4.60475
52.1279 4.59386
52.0755 4.54864
52.0466 4.57548
52.0084 4.578
52.047 4.64523
52.0484 4.65039
52.0462 4.65696
52.0562 4.64413
52.0731 4.64654
52.075 4.65293
52.0874 4.65583
52.1436 4.76704
52.1462 4.76897
52.1574 4.98378
52.2115 5.02388
52.7091 6.19129
52.3774 4.84043
52.2712 4.60907
52.2664 4.61357
52.218 4.64364
52.2048 4.64365
52.2042 4.63936
52.2016 4.63329
52.161 4.53723
52.1512 4.53063
52.1665 4.53475
52.1724 4.53109
52.1752 4.49742
52.1613 4.49126
52.1718 4.48252
52.1824 4.46354
52.1657 4.45084
52.1615 4.46701
52.1596 4.47902
52.1473 4.47695
52.1405 4.47435
52.1201 4.49776
52.0634 4.494
52.0506 4.51576
51.9906 4.50109
51.9872 4.50708
51.9743 4.50741
51.9582 4.50387
51.958 4.5085
51.9323 4.57077
51.9359 4.58185
51.9301 4.59766
51.9889 4.67173
52.01 4.70822
52.0347 4.70198
52.0176 4.72387
52.0379 4.94986
52.1345 5.05001
52.1429 5.05162
52.7091 6.19129
52.4702 4.8415
52.4774 4.79916
52.4667 4.78178
52.4967 4.76599
52.4998 4.76363
52.5345 4.76959
52.6589 4.71199
52.6952 4.69869
52.7065 4.70481
52.7195 4.73137
52.7728 4.74376
52.7884 4.78189
52.9118 4.77788
52.9557 4.76913
52.9548 4.76871
52.9501 4.7634
52.8974 4.74468
52.6928 4.6692
52.5563 4.72948
52.5285 4.71395
52.3525 4.61061
52.3183 4.57799
52.3009 4.54743
52.2226 4.51854
52.1938 4.49809
52.1963 4.50471
52.2246 4.53239
52.2371 4.56349
52.2492 4.56114
52.2556 4.55527
52.2595 4.56085
52.323 4.59535
52.3473 4.61876
52.3578 4.64775
52.3746 4.67911
52.3753 4.75421
52.4338 4.83851
52.7091 6.19129
52.7422 4.86259
52.7029 4.81373
52.6585 4.83221
52.6479 4.82718
52.6329 4.8309
52.6516 4.8127
52.657 4.75536
52.6554 4.75552
52.6508 4.74742
52.6363 4.73708
52.6353 4.72935
52.6183 4.7373
52.6291 4.71968
52.6097 4.70458
52.5925 4.71512
52.5997 4.70401
52.6033 4.70163
52.6062 4.68498
52.6224 4.65793
52.6232 4.65751
52.6191 4.65082
52.6216 4.65024
52.6202 4.62313
52.5486 4.66679
52.5465 4.67519
52.5165 4.68206
52.512 4.67263
52.5125 4.6703
52.4868 4.65915
52.4756 4.62982
52.4344 4.64627
52.4143 4.65452
52.4105 4.65406
52.4107 4.62295
52.3992 4.63256
52.381 4.64567
52.3802 4.63908
52.3703 4.62668
52.3684 4.64222
52.3755 4.65651
52.7091 6.19129
52.0817 5.02984
51.9643 5.03459
51.8984 5.07789
51.8897 5.07798
51.8922 5.08782
51.8943 5.10186
51.819 5.15275
51.7798 5.13554
51.7827 5.04975
51.791 5.03027
51.8429 4.9645
51.733 4.96246
51.7384 4.89733
51.7753 4.91771
51.8241 4.8856
51.8266 4.83073
51.8702 4.78398
51.879 4.82296
51.8891 4.85703
51.9606 4.88244
52.0609 4.91501
52.2008 4.8885
52.2174 4.86384
52.2114 4.85848
52.2356 4.83163
52.2421 4.81976
52.2396 4.80735
52.2463 4.80503
52.2412 4.78732
52.2371 4.75043
52.2586 4.71505
52.2613 4.63978
52.3016 4.64557
52.3005 4.65963
52.3002 4.70348
52.2672 4.74721
52.2931 4.85638
52.3169 4.95483
52.3082 5.03807
52.7091 6.19129
52.0064 6.03365
51.6369 5.96763
51.6432 5.9351
51.6969 5.936
51.7494 5.88757
51.7624 5.87028
51.7742 5.87852
51.7765 5.85038
51.7511 5.75186
51.6877 5.7679
51.6848 5.77974
51.5131 5.78525
51.4596 5.82549
51.404 5.76174
51.3983 5.75098
51.243 5.70635
51.2712 5.57481
51.395 5.48008
51.3196 5.35182
51.4646 5.14154
51.5 5.13255
51.5394 5.09337
51.5282 5.07502
51.5261 5.05455
51.5457 5.05998
51.5514 5.0673
51.546 5.07027
51.5481 5.07776
51.5901 5.08233
51.623 5.08228
51.6675 5.0391
51.6699 5.03919
51.6713 5.04647
51.6883 5.0481
51.6866 5.06635
51.693 5.08501
51.7265 5.13337
51.6866 5.14845
51.7025 5.21042
52.7091 6.19129
52.5094 5.50625
52.3524 4.94429
52.3592 4.93575
52.3574 4.92405
52.3714 4.87799
52.3821 4.87666
52.3766 4.87173
52.3732 4.85996
52.3719 4.86166
52.3698 4.86354
52.364 4.86491
52.3625 4.86846
52.3576 4.87604
52.3545 4.8644
52.3552 4.86306
52.3478 4.86222
52.3501 4.86062
52.3523 4.85523
52.3567 4.82939
52.3644 4.83189
52.3744 4.82237
52.3782 4.81379
52.3532 4.81036
52.3539 4.80628
52.3503 4.79582
52.3432 4.79627
52.3265 4.81406
52.3438 4.82382
52.3481 4.83172
52.3481 4.84499
52.3392 4.85584
52.3283 4.8587
52.3266 4.85817
52.3154 4.86265
52.3029 4.85529
52.3099 4.86528
52.3058 4.87167
52.2955 4.96501
52.3001 4.97103
52.4965 5.48903
52.7091 6.19129
51.625 5.87272
51.3168 5.89078
51.196 5.8586
51.0112 5.81544
50.9631 5.821
50.9453 5.76908
50.9414 5.76527
50.8811 5.68615
50.8646 5.65922
50.8554 5.67453
50.8462 5.68998
50.8502 5.69225
50.855 5.6923
50.8483 5.70287
50.8458 5.70443
50.8505 5.7135
50.8184 5.8037
50.8125 5.89109
50.8651 5.89825
50.8093 5.95618
50.8306 5.98121
50.8166 6.01039
50.8659 6.03688
50.8581 6.0639
50.8641 6.06274
50.9092 6.04518
50.8986 6.02486
50.8932 6.00135
50.8828 5.96635
50.906 5.93674
50.936 5.94823
50.951 5.9582
50.9813 5.93919
51.0056 5.88441
51.034 5.86728
51.1185 5.89494
51.1386 5.87979
51.4012 5.95715
51.4362 5.97755
51.5149 5.96121
51.5182 5.96202
51.5204 5.97831
52.7091 6.19129
52.4471 5.90509
52.2618 5.60829
52.2558 5.59371
52.2933 5.59983
52.3189 5.54536
52.3244 5.53914
52.2209 5.4669
52.182 5.40875
52.1828 5.39682
52.1705 5.39208
52.1521 5.3981
52.1535 5.40521
52.1337 5.4427
52.0801 5.4188
52.0606 5.35727
52.0385 5.34245
52.0326 5.34716
52.0033 5.38902
51.9752 5.32589
51.9064 5.33654
51.8866 5.43044
51.81 5.42429
51.7331 5.33372
51.7331 5.31548
51.72 5.31726
51.7244 5.29405
51.7216 5.2656
51.701 5.26044
51.6977 5.26246
51.6542 5.22155
51.6609 5.23437
51.6692 5.29364
51.6433 5.28784
51.5915 5.31459
51.5882 5.33136
51.5 5.48715
51.5601 5.45101
51.7371 5.45856
51.7449 5.50396
51.747 5.50609
51.7655 5.5229
51.7796 5.50352
51.7981 5.49527
52.1626 5.6025
52.1494 5.66783
52.0936 5.7749
52.7091 6.19129
52.2402 5.37655
52.2056 5.30312
52.2135 5.29428
52.1824 5.27872
52.1718 5.28023
52.1439 5.20788
52.1423 5.20594
52.1285 5.19492
52.1285 5.18841
52.108 5.17183
52.0871 5.15309
52.0873 5.15202
52.077 5.13759
52.0772 5.13486
52.0776 5.13439
52.103 5.1392
52.092 5.1298
52.0945 5.12235
52.1038 5.1043
52.1035 5.09387
52.093 5.07582
52.0715 5.09443
52.0696 5.0931
52.0407 5.09025
52.037 5.08313
52.007 5.09361
52.0093 5.09597
52.0136 5.11001
52.0148 5.19144
52.0189 5.23888
52.0535 5.2309
52.0667 5.20886
52.0657 5.20634
52.0654 5.20484
52.067 5.20423
52.0792 5.21708
52.0882 5.21686
52.0825 5.22434
52.0903 5.23136
52.0787 5.27287
52.7091 6.19129
51.4613 6.11561
51.3757 6.1305
51.3617 6.17034
51.3579 6.13787
51.3391 6.13481
51.335 6.13292
51.2319 6.03618
51.1558 6.05893
51.1339 6.07739
51.1801 6.00508
51.1888 6.00672
51.1899 5.99199
51.2031 5.99622
51.2358 5.97467
51.261 5.98899
51.2427 5.95074
51.231 5.88255
51.2821 5.75599
51.2905 5.75095
51.3099 5.62105
51.3801 5.71279
51.4991 5.74043
51.4921 5.69092
51.4748 5.68083
51.4667 5.63654
51.439 5.61492
51.4384 5.60995
51.4289 5.54579
51.4626 5.53821
51.4741 5.54706
51.5395 5.57333
51.623 5.55511
51.6252 5.5647
51.6276 5.56442
51.6671 5.64056
51.7479 5.63106
51.8019 5.71728
51.8069 5.73878
51.8168 5.79675
51.7979 5.80894
51.8158 5.85099
51.8334 5.85181
52.7091 6.19129
53.2836 6.78558
53.3858 6.75575
53.395 6.72313
53.4163 6.66276
52.9701 5.90974
52.6654 5.20946
52.7233 5.14126
52.6751 5.08383
52.6678 5.08312
52.6524 5.10014
52.653 5.0801
52.642 5.06775
52.6507 5.0651
52.6677 5.04366
52.6482 5.05294
52.6359 5.05674
52.5096 4.97323
52.499 4.9746
52.4848 4.964
52.399 4.93026
52.3928 4.92588
52.3964 4.91716
52.4042 4.89828
52.4173 4.88565
52.3844 4.8925
52.3796 4.89342
52.3737 4.89596
52.3737 4.89745
52.3743 4.90072
52.3713 4.90538
52.3718 4.92782
52.3708 4.93126
52.3706 4.93084
52.363 4.92753
52.3625 4.93032
52.366 4.94084
52.3653 4.94509
52.3769 4.94771
52.4499 5.04184
52.45 5.04263
52.5145 5.04847
52.4947 5.07297
52.4987 5.49729
52.7091 6.19129
51.9806 5.95389
51.9821 5.95282
51.9942 5.9371
51.981 5.91721
51.9809 5.9075
51.9587 5.90713
51.9388 5.94099
51.9255 5.92848
51.951 5.8873
51.9503 5.87041
51.9493 5.86866
51.9219 5.86492
51.9232 5.83357
51.9141 5.83166
51.9147 5.8263
51.8109 5.73704
51.8145 5.72775
51.8141 5.71795
51.8909 5.60937
51.9151 5.57363
51.9424 5.51788
51.9615 5.54338
52.0109 5.56375
52.0231 5.53119
52.0392 5.5532
52.0509 5.57255
52.0413 5.63816
52.0533 5.64248
52.0367 5.65798
52.027 5.66054
52.0057 5.6773
51.9838 5.69356
51.9876 5.83922
51.9604 5.85251
51.9621 5.86222
51.9617 5.8668
51.9912 5.88366
51.9868 5.89386
51.9881 5.89667
52.1171 5.87559
52.7091 6.19129
52.5325 5.49598
52.526 5.49128
52.5173 5.49133
52.4934 5.49415
52.4938 5.4905
52.4941 5.4885
52.5067 5.47752
52.5031 5.47189
52.5143 5.46827
52.5219 5.45688
52.5286 5.45241
52.5291 5.43867
52.4914 5.42536
52.3849 5.25348
52.3902 5.22716
52.382 5.21023
52.3834 5.19994
52.3804 5.19413
52.3674 5.18861
52.3611 5.18731
52.3641 5.19413
52.3617 5.19488
52.3672 5.2114
52.3701 5.21535
52.3687 5.21579
52.3719 5.23584
52.3615 5.23887
52.3448 5.22592
52.3397 5.21501
52.296 5.23822
52.2919 5.24564
52.2366 5.19681
52.2468 5.23248
52.2536 5.23701
52.3455 5.51951
52.4439 5.82956
52.7091 6.19129
52.2751 5.18049
52.2677 5.1756
52.2702 5.16501
52.2778 5.16409
52.2764 5.15582
52.2698 5.15514
52.2413 5.16246
52.2333 5.17372
52.2319 5.19626
52.2148 5.19367
52.0895 5.23803
52.0878 5.24889
52.0888 5.25692
52.0727 5.26415
52.045 5.28376
51.9502 5.23806
51.8506 5.23025
51.8033 5.24267
51.8108 5.31689
51.7002 5.33785
51.6898 5.33544
51.6489 5.35452
51.6093 5.35938
51.5111 5.37687
51.5126 5.39649
51.4959 5.39684
51.4236 5.41759
51.4069 5.40565
51.417 5.39697
51.4189 5.3952
51.4007 5.387
51.4175 5.30918
51.374 5.33539
51.3585 5.43245
51.3608 5.43608
51.4188 5.43702
51.4176 5.45553
51.4302 5.46326
51.4471 5.47795
51.4678 5.49209
51.5145 6.09773
51.8616 6.04649
52.7091 6.19129
52.372 6.7629
52.3563 6.76847
52.278 6.79541
52.222 6.83168
52.2284 6.85721
52.2184 6.86177
52.2258 6.86503
52.2275 6.86965
52.2285 6.87196
52.2298 6.87443
52.2321 6.88403
52.2425 6.89577
52.2543 6.91463
52.3031 6.93498
52.3379 6.97654
52.4027 7.02925
52.3148 6.99207
52.2817 6.97288
52.2722 7.00317
52.2664 7.01292
52.2569 7.00802
52.2531 7.00372
52.2374 7.02551
52.218 6.97463
52.2076 6.97418
52.2112 6.96634
52.2174 6.95925
52.2205 6.93846
52.2271 6.92318
52.2224 6.9176
52.2165 6.91709
52.219 6.90726
52.2276 6.90296
52.2213 6.89734
52.2112 6.89721
52.2145 6.88289
52.2071 6.87394
52.197 6.89205
52.1957 6.88357
52.1879 6.86909
52.1886 6.85421
51.9865 6.78471
51.9584 6.7311
52.7091 6.19129
52.7707 6.80174
52.7829 6.89338
52.77 6.88831
52.7081 6.85613
52.6657 6.88299
52.7187 6.91821
52.7174 6.92423
52.6742 6.97736
52.7265 6.99298
52.7345 7.00488
52.7548 7.03843
52.8469 7.083
52.8745 7.0537
52.8822 7.05195
52.9362 7.01654
52.9378 7.01507
52.9853 6.97759
52.9837 6.97353
52.9927 6.95356
52.971 6.94632
53.0017 6.78452
53.0006 6.77373
53.006 6.7706
53.0035 6.76361
53.0007 6.73931
53.0078 6.72945
53.0155 6.72986
53.0167 6.72886
53.0567 6.71621
53.061 6.71492
53.277 6.68791
53.2783 6.69109
53.282 6.69543
53.3491 6.64674
53.3484 6.64478
53.4026 6.61586
53.3991 6.61108
53.2278 6.52615
52.7091 6.19129
52.2484 6.2956
52.1597 6.30149
52.1515 6.28983
52.1036 6.3108
52.055 6.30155
52.003 6.23485
51.9705 6.21415
51.9648 6.25861
51.9613 6.26184
51.9629 6.2675
51.9646 6.28706
52.0178 6.32866
52.0602 6.38256
52.1258 6.36409
52.1643 6.4043
52.156 6.40747
52.1106 6.51434
52.128 6.52353
52.1366 6.53267
52.1602 6.59661
52.1615 6.60723
52.1362 6.61213
52.004 6.48654
51.8752 6.50848
51.8614 6.49456
51.91 6.38964
51.8832 6.38543
51.8876 6.37807
51.8736 6.36954
51.9221 6.26389
51.8835 6.26422
51.8757 6.22454
51.8616 6.11141
51.7749 5.96841
51.8276 5.90866
51.8296 5.90702
52.1164 6.02031
52.7091 6.19129
52.9536 6.34833
53.0695 6.45311
53.154 6.49209
53.2095 6.50347
53.2209 6.53194
53.2277 6.54098
53.173 6.62671
53.1703 6.62253
53.1377 6.62972
53.1498 6.74042
53.1565 6.74664
53.1635 6.76042
53.1622 6.79245
53.1757 6.81526
53.1159 6.87638
53.1056 6.87821
53.0785 6.97224
53.1029 7.00773
53.1358 7.02603
53.1442 7.02986
53.1441 7.02949
53.1495 7.02102
53.1514 7.03214
53.1444 7.0366
53.1024 7.07523
53.0242 7.09359
53.0281 7.1076
53.1052 7.19556
53.122 7.17208
53.1958 7.08471
53.2717 6.90554
53.2886 6.91335
53.3216 6.90525
53.33 6.90354
53.316 6.87255
53.2782 6.86094
53.3202 6.86044
53.3191 6.85299
53.3225 6.84301
53.366 6.77189
53.2416 6.52243
53.2528 6.45761
52.7091 6.19129
53.2163 6.09746
53.2164 6.09412
53.2579 6.03189
53.2763 6.01361
53.2939 6.04338
53.3154 6.01018
53.3227 5.99533
53.3069 5.78705
53.2342 5.69233
53.2143 5.65974
53.1919 5.66356
53.2368 5.54553
53.1988 5.54745
53.1929 5.54601
53.1889 5.54333
53.1976 5.53349
53.196 5.46131
53.1983 5.43446
53.1703 5.44465
53.1676 5.44203
53.1725 5.43528
53.1669 5.42567
53.057 5.40782
53.0595 5.51681
53.0622 5.52546
53.0429 5.65198
53.0633 5.67983
53.0426 5.6695
53.0421 5.66318
53.036 5.66286
53.0334 5.66714
53.0273 5.65717
52.9783 5.62037
52.9932 5.54934
52.9438 5.40287
52.6972 5.1865
52.6928 5.20239
52.7029 5.28175
52.7047 5.28134
52.7101 5.28026
52.8971 5.58858
52.9409 5.62423
52.7091 6.19129
52.3748 6.48357
52.3756 6.48461
52.357 6.59862
52.2821 6.6728
52.2533 6.69639
52.2594 6.71537
52.2747 6.75456
52.2936 6.76145
52.2984 6.7633
52.2768 6.78007
52.2808 6.78868
52.2941 6.79714
52.2969 6.81915
52.305 6.82406
52.2864 6.83978
52.2756 6.8147
52.265 6.82089
52.2653 6.82232
52.2644 6.82293
52.2634 6.8224
52.2549 6.79918
52.2526 6.77565
52.2253 6.77934
52.1931 6.77652
52.1653 6.73155
52.155 6.73832
52.1548 6.73204
52.1502 6.66594
52.1493 6.66084
52.1005 6.64911
52.0998 6.66235
52.0813 6.65699
52.0404 6.62174
52.0112 6.5926
51.9187 6.66714
51.9433 6.61646
51.9275 6.5815
51.9245 6.57076
51.9845 6.57931
51.9886 6.55531
52.2796 6.41067
52.7091 6.19129
52.3108 6.38345
52.2788 6.40873
52.2383 6.32899
52.2206 6.25154
52.2549 6.23641
52.2614 6.23209
52.2444 6.21345
52.2042 6.20204
52.1448 6.23149
52.1299 6.22066
52.1342 6.21034
52.1415 6.20916
52.1456 6.21192
52.1471 6.2029
52.1455 6.19332
52.1472 6.18965
52.1475 6.17704
52.0952 6.15827
52.0993 6.15304
52.0584 6.08931
52.0167 6.14243
52.0104 6.14168
52.0083 6.14798
51.9434 6.12797
51.9307 6.0778
51.9253 6.07518
51.9323 6.06079
51.9432 6.06464
51.9611 6.0158
51.9543 5.9838
51.9546 5.97057
51.9604 5.96565
51.9788 5.95855
51.9795 5.96755
51.9813 5.97006
52.0908 6.03933
52.1533 6.10089
52.2348 6.10707
52.7091 6.19129
53.1315 6.40339
53.1396 6.42443
53.1409 6.43537
53.1778 6.36904
53.1748 6.36171
53.2349 6.32013
53.3047 6.26952
53.3396 6.30591
53.3878 6.3591
53.3861 6.39101
53.3353 6.38677
53.3185 6.45748
53.3637 6.45942
53.3655 6.46059
53.3294 6.52511
53.3057 6.6013
53.3022 6.61006
53.3001 6.6096
53.2405 6.62654
53.2363 6.62267
53.2252 6.60141
53.2273 6.59498
53.2474 6.58618
53.2458 6.58354
53.243 6.58185
53.2319 6.58008
53.2233 6.58589
53.2234 6.57797
53.211 6.57822
53.2164 6.57097
53.2159 6.56802
53.2232 6.56875
53.2291 6.56571
53.2192 6.55951
53.2192 6.55892
53.2187 6.55061
53.217 6.54768
53.1282 6.52539
53.0235 6.48119
52.9514 6.45189
52.7091 6.19129
52.3899 6.13737
52.3183 6.08322
52.2349 5.95158
52.222 5.9419
52.2148 5.93105
52.2005 5.93914
52.1862 5.94361
52.1929 5.9466
52.2017 5.95121
52.202 5.9516
52.1988 5.97574
52.1883 5.97824
52.1864 5.98584
52.1962 5.98871
52.1968 5.98395
52.2077 5.98551
52.2176 5.98474
52.2296 5.9902
52.2296 5.99302
52.2293 5.99873
52.218 5.99661
52.2011 6.00387
52.1968 6.0162
52.2379 6.09553
52.2843 6.09986
52.2746 6.13052
52.262 6.14109
52.259 6.14782
52.256 6.15531
52.2539 6.15578
52.2508 6.1649
52.2473 6.16822
52.2549 6.17273
52.2529 6.19267
52.272 6.16635
52.285 6.14765
52.3917 6.16829
52.4395 6.22296
52.7091 6.19129
52.8488 6.50657
52.86 6.50948
52.8659 6.5086
52.8506 6.61827
52.8506 6.61924
52.8091 6.63349
52.7096 6.65985
52.7436 6.712
52.7616 6.72661
52.7166 6.77536
52.6986 6.75895
52.6985 6.7402
52.6711 6.74539
52.6573 6.74163
52.6612 6.68166
52.4624 6.74085
52.4517 6.75256
52.4349 6.78713
52.4567 6.84511
52.4029 6.91161
52.3502 6.92531
52.3191 6.93387
52.2652 7.00344
52.302 6.94053
52.3153 6.92337
52.3103 6.91524
52.3535 6.90707
52.39 6.84302
52.4062 6.7934
52.4085 6.79059
52.409 6.78522
52.4201 6.73235
52.4206 6.72964
52.4604 6.69909
52.5319 6.67263
52.578 6.61689
52.5806 6.61446
52.5817 6.60572
52.6918 6.59023
52.7091 6.19129
53.0056 6.07414
53.0307 5.98871
53.0469 5.90029
53.15 5.89551
53.1731 5.8355
53.1962 5.81591
53.204 5.81375
53.2066 5.80766
53.2107 5.80784
53.2103 5.81601
53.212 5.83918
53.2951 5.88587
53.2533 5.89816
53.2539 5.89898
53.2542 5.90081
53.2167 5.93896
53.2344 5.97604
53.2276 5.97724
53.2202 5.99594
53.2246 6.00954
53.1899 5.98655
53.1928 6.00353
53.1718 6.04865
53.1563 6.03281
53.1365 6.05015
53.1196 6.07711
53.0982 6.07999
53.0981 6.08077
53.0982 6.10728
53.1065 6.10049
53.109 6.09466
53.1162 6.08964
53.124 6.09973
53.1827 6.12466
53.1858 6.1216
53.2544 6.09117
53.292 6.08515
53.2789 6.14259
53.2782 6.14264
53.2528 6.14747
53.2529 6.15329
53.1818 6.18522
53.1866 6.16863
53.1797 6.1638
53.1871 6.14248
53.1138 6.12379
53.0004 6.16659
52.7091 6.19129
52.8083 5.92272
52.7873 5.84041
52.8734 5.79724
52.9603 5.80626
52.9681 5.80653
52.9726 5.79919
52.9451 5.7427
52.8492 5.70759
52.8237 5.67925
52.7213 5.73503
52.7197 5.73564
52.6768 5.67163
52.6671 5.62596
52.6692 5.62033
52.6678 5.59441
52.6622 5.6107
52.5576 5.68014
52.5351 5.72787
52.5148 5.71217
52.3588 5.67699
52.3636 5.65088
52.3576 5.64113
52.3519 5.64064
52.3414 5.63758
52.3433 5.62171
52.3389 5.60431
52.3336 5.60653
52.3242 5.5981
52.3233 5.59458
52.3233 5.59611
52.3216 5.60379
52.3213 5.6058
52.2702 5.74323
52.2944 5.77483
52.371 5.77087
52.3816 5.79416
52.4211 5.81968
52.4515 5.86083
52.7091 6.19129
52.5225 6.40834
52.4668 6.52909
52.4805 6.5696
52.4687 6.56568
52.4107 6.61212
52.3994 6.6118
52.365 6.59187
52.3638 6.58676
52.3565 6.59625
52.3773 6.64865
52.3475 6.64571
52.3463 6.64891
52.349 6.65081
52.3509 6.6559
52.3561 6.66491
52.3596 6.66801
52.3687 6.68324
52.3785 6.67333
52.3818 6.68892
52.3718 6.7184
52.3356 6.70625
52.3409 6.68079
52.311 6.65687
52.3278 6.63775
52.305 6.61553
52.2925 6.57735
52.2474 6.53978
52.2403 6.56373
52.2355 6.57798
52.231 6.58507
52.1977 6.55521
52.2313 6.49919
52.2987 6.49267
52.3103 6.49814
52.3129 6.51299
52.3064 6.52494
52.3388 6.51708
52.3525 6.48939
52.3532 6.47033
52.3644 6.4508
52.7091 6.19129
52.8699 6.00377
52.8721 5.98804
52.8832 5.95193
52.9391 5.8812
52.9566 5.8722
52.997 5.86366
53.0533 5.84469
53.1499 5.80706
53.177 5.79985
53.1863 5.79581
53.1908 5.79494
53.1947 5.79437
53.1931 5.7908
53.1974 5.78763
53.1895 5.7812
53.1997 5.77753
53.204 5.78102
53.2058 5.77763
53.2106 5.77127
53.2084 5.76042
53.2113 5.72511
53.2245 5.75775
53.2622 5.7558
53.2364 5.77709
53.2117 5.78543
53.2068 5.79054
53.208 5.79977
53.2031 5.79849
53.1998 5.80394
53.096 5.84224
52.9717 5.90594
52.9631 5.90561
52.9507 5.91577
52.9606 5.92409
52.9629 5.92852
52.964 5.93628
52.8929 6.04727
52.8928 6.04806
52.7091 6.19129
52.6991 6.2199
52.6758 6.28357
52.5942 6.28461
52.6012 6.29506
52.5859 6.34281
52.6406 6.36752
52.7218 6.45
52.7352 6.45122
52.7618 6.50907
52.7198 6.50489
52.7164 6.5074
52.7096 6.51414
52.7166 6.49862
52.7198 6.49686
52.7222 6.47975
52.7246 6.4773
52.7216 6.47691
52.7068 6.47648
52.6002 6.48702
52.5879 6.45293
52.5763 6.42011
52.5935 6.39107
52.5553 6.37935
52.5356 6.31026
52.5095 6.35212
52.4781 6.32731
52.4457 6.33425
52.3976 6.28497
52.3125 6.11103
52.3394 6.1097
52.3568 6.11463
52.4877 6.09982
52.4915 6.10008
52.5116 6.11121
52.5229 6.10816
52.5235 6.10901
52.6977 6.18867
52.7091 6.19129
52.735 6.17867
52.7837 6.11572
52.79 6.09682
52.7988 6.08947
52.7299 6.07584
52.6916 6.07119
52.5936 6.10957
52.5861 6.10318
52.5913 6.09259
52.5916 6.09119
52.6203 6.04351
52.6795 5.99995
52.6774 5.96167
52.6757 5.95967
52.6549 5.92631
52.5734 5.94789
52.5625 5.93905
52.5569 5.91893
52.5626 5.91214
52.5631 5.90639
52.5633 5.89863
52.5645 5.89559
52.5594 5.90046
52.5499 5.90293
52.5491 5.91843
52.4975 5.97243
52.5219 6.00553
52.5395 6.05234
52.5314 6.05433
52.5289 6.08906
52.5348 6.09212
52.6169 6.1814
52.6473 6.20363
52.6529 6.20499
52.699 6.19403
52.7091 6.19129
52.7091 6.19129
52.8026 6.18925
52.8431 6.18454
52.8904 6.14555
52.9191 6.18325
52.973 6.19803
52.979 6.22718
52.9945 6.28122
52.9845 6.28908
52.9837 6.28973
53.111 6.45164
53.1742 6.54145
53.1843 6.53699
53.1877 6.56146
53.1955 6.55705
53.1981 6.56629
53.1992 6.57271
53.2006 6.58481
53.1981 6.59072
53.1922 6.59296
53.1857 6.57506
53.1484 6.56192
53.134 6.57041
53.0914 6.59861
53.0712 6.58372
53.0758 6.57724
53.072 6.57348
53.0095 6.56419
52.9962 6.5805
52.9975 6.567
52.9998 6.55814
53.0051 6.54789
52.988 6.54017
52.9864 6.53385
53.0008 6.5191
53.0015 6.51862
52.9924 6.50932
52.9791 6.48113
52.9104 6.38107
52.769 6.38907
52.7239 6.24614
52.7091 6.19129
52.7019 6.19783
52.7013 6.19831
52.6538 6.22604
52.6382 6.21973
52.6337 6.21182
52.5423 6.14452
52.5235 6.14019
52.5093 6.12111
52.5058 6.10549
52.4973 6.09777
52.4418 6.06795
52.39 6.03931
52.2287 5.96441
52.2132 5.96314
52.2121 5.9633
52.2173 5.95979
52.2284 5.96074
52.256 5.95256
52.2831 5.94757
52.2845 5.95737
52.2904 5.97008
52.3567 5.99114
52.4542 6.05388
52.479 6.0602
52.502 6.05693
52.5104 6.07792
52.5192 6.09035
52.5198 6.09187
52.518 6.09116
52.513 6.09561
52.518 6.09611
52.5202 6.09835
52.5245 6.09918
52.5347 6.11101
52.7043 6.18335
52.7091 6.19129
