52.046 4.52903
52.046 4.52903
52.0627 4.50874
52.0657 4.50794
52.0733 4.49512
52.095 4.4726
52.0942 4.47097
52.1249 4.4414
52.1214 4.44074
52.0936 4.4055
52.0889 4.39576
52.0803 4.39517
52.0767 4.37962
52.0762 4.35858
52.0745 4.34589
52.0805 4.34863
52.1048 4.32692
52.091 4.29719
52.0794 4.29483
52.0813 4.29181
52.0888 4.27235
52.0927 4.26029
52.0768 4.24627
52.0714 4.2663
52.0604 4.25753
52.0512 4.23556
52.0072 4.22901
52.0065 4.2284
51.986 4.25001
51.9968 4.21309
51.9928 4.21236
51.9871 4.21267
51.9705 4.20781
51.9814 4.18092
52.0015 4.17007
52.0048 4.1616
51.9815 4.11382
51.9136 4.10917
51.8281 4.15448
51.8344 4.15926
51.8783 4.17648
51.8817 4.22518
51.9054 4.24199
51.9267 4.25126
51.928 4.27313
51.8733 4.26006
51.8533 4.31229
51.8144 4.42907
51.7883 4.4736
51.7672 4.5275
51.8088 4.55446
51.8804 4.55828
51.8845 4.55702
51.8803 4.53961
51.8846 4.51905
51.8917 4.51468
51.8932 4.51371
51.9301 4.54532
51.9385 4.5507
51.9618 4.55292
52.0094 4.54368
52.046 4.52903
51.9997 4.46912
51.9807 4.45508
51.9336 4.45619
51.9094 4.44532
51.9023 4.40754
51.903 4.40614
51.8461 4.31912
51.7569 4.17019
51.5908 4.28904
51.5329 4.21887
51.5269 4.21306
51.4161 4.06697
51.4478 4.02343
51.4776 3.95804
51.5038 3.89141
51.5285 3.89627
51.5126 3.87969
51.451 3.60396
51.4562 3.58468
51.4554 3.57495
51.4424 3.57267
51.4444 3.57204
51.456 3.5689
51.4626 3.57313
51.4631 3.5698
51.4636 3.57018
51.4723 3.56537
51.461 3.5586
51.4509 3.55998
51.3494 3.39131
51.3108 3.7777
51.2806 3.83232
51.3297 3.8478
51.3228 3.85457
51.3363 3.89336
51.3049 3.89518
51.2662 3.90383
51.2631 3.91575
51.3269 3.9698
51.3227 3.98272
51.2898 4.05263
51.4042 4.31549
51.4736 4.27619
51.4962 4.28269
51.5135 4.28718
51.4936 4.29012
51.4873 4.30674
51.4833 4.41404
51.5134 4.43647
51.5132 4.4587
51.5193 4.46091
51.5259 4.46959
51.527 4.46932
51.5301 4.45374
51.5842 4.46308
51.6483 4.5927
51.8726 4.54603
51.9161 4.55517
51.9639 4.54451
52.046 4.52903
52.094 4.58905
52.2738 4.82457
52.2817 4.8476
52.2935 4.86058
52.2958 4.9208
52.3177 4.94704
52.3173 4.94738
52.3262 4.97599
52.3433 4.96515
52.3325 4.95892
52.331 4.93366
52.3324 4.92215
52.3487 4.93753
52.3519 4.93775
52.3563 4.93741
52.3556 4.93405
52.354 4.93132
52.3621 4.93017
52.3634 4.9299
52.3654 4.93278
52.362 4.93753
52.3677 4.9537
52.3932 4.94235
52.4004 4.94175
52.3984 4.93723
52.399 4.93021
52.3866 4.91969
52.372 4.92264
52.368 4.92533
52.361 4.92581
52.3538 4.92112
52.3446 4.90501
52.3435 4.89351
52.3529 4.8933
52.3667 4.88977
52.3666 4.88758
52.3726 4.88211
52.3786 4.88364
52.3842 4.88973
52.4035 4.888
52.4117 4.89273
52.4191 4.88806
52.4188 4.88051
52.4357 4.8356
52.4409 4.81787
52.3794 4.75406
52.3028 4.68127
52.2972 4.67873
52.1279 4.58724
52.046 4.52903
52.0742 4.51596
52.1182 4.49909
52.1535 4.48423
52.1665 4.4693
52.2381 4.44725
52.2449 4.43948
52.2386 4.45611
52.2527 4.49036
52.2581 4.494
52.2587 4.49691
52.2597 4.498
52.2809 4.48823
52.3679 4.54348
52.3753 4.53802
52.3769 4.53548
52.3756 4.53966
52.3774 4.55463
52.3694 4.6094
52.37 4.61311
52.3787 4.62394
52.381 4.63628
52.3826 4.64213
52.392 4.64071
52.4072 4.65251
52.4139 4.65385
52.4198 4.64966
52.4338 4.64387
52.432 4.64262
52.4214 4.63384
52.4157 4.61951
52.4621 4.61308
52.4608 4.61513
52.4555 4.62178
52.455 4.62512
52.4579 4.62888
52.4724 4.66204
52.4855 4.65277
52.4927 4.65038
52.5134 4.66699
52.5122 4.67994
52.5364 4.67661
52.5476 4.66366
52.5527 4.66075
52.5803 4.69772
52.5292 4.71757
52.5028 4.74965
52.4906 4.74744
52.4889 4.74404
52.4643 4.73756
52.4567 4.71849
52.4133 4.68822
52.3801 4.67004
52.3665 4.66003
52.3571 4.65208
52.3149 4.64936
52.3052 4.63436
52.2775 4.63016
52.0632 4.5373
52.046 4.52903
52.0343 4.65494
52.0261 4.6885
52.0097 4.69557
52.0015 4.70182
52.0031 4.70524
52.0151 4.70794
52.0289 4.70312
52.0483 4.72636
52.0735 4.75695
52.06 4.82455
52.0791 4.87473
52.0869 4.87698
52.0915 4.87549
52.0818 4.89573
52.0857 4.91411
52.0879 4.9589
52.095 5.00403
52.1332 5.01737
52.1336 5.03323
52.137 5.04245
52.118 5.08721
52.1015 5.1015
52.106 5.10964
52.1166 5.11295
52.1158 5.12705
52.1143 5.13503
52.106 5.14165
52.1001 5.13737
52.0834 5.1291
52.0646 5.13632
52.0753 5.1149
52.0669 5.09637
52.0363 5.0928
52.02 5.09371
51.9905 5.10498
52.0426 5.07136
52.0264 5.05188
52.0299 5.03476
52.0847 5.0455
52.0863 5.03183
52.082 5.00772
52.0474 4.94527
51.9722 4.94149
51.9476 4.8689
51.9487 4.8506
51.9654 4.84034
51.9485 4.84009
51.9244 4.83178
51.9283 4.81042
51.998 4.77962
52.0047 4.75284
51.9753 4.70817
51.9859 4.67025
52.0123 4.58683
52.046 4.52903
52.3297 4.60938
52.3623 4.61618
52.3821 4.62012
52.3908 4.62752
52.4385 4.6566
52.6158 4.62447
52.6159 4.62482
52.7418 4.65062
52.7226 4.66661
52.7105 4.69602
52.7489 4.70347
52.7814 4.72683
52.8835 4.73133
52.8872 4.73987
52.8927 4.74628
52.9375 4.73883
52.96 4.74745
52.9508 4.75732
52.9517 4.76325
52.9634 4.7666
52.9638 4.77221
52.9094 4.97021
52.8616 4.83411
52.8591 4.83339
52.7914 4.8014
52.79 4.80215
52.7904 4.79396
52.7817 4.78693
52.7138 4.80053
52.698 4.80472
52.7102 4.81821
52.6885 4.82977
52.6573 4.83757
52.6553 4.83156
52.6487 4.82588
52.652 4.82626
52.6534 4.82476
52.6593 4.82206
52.6605 4.81535
52.6572 4.81112
52.6528 4.77139
52.6526 4.74846
52.643 4.75226
52.6397 4.75155
52.6401 4.74024
52.6351 4.74183
52.633 4.73745
52.6285 4.74705
52.6313 4.76552
52.6402 4.77188
52.5636 4.83213
52.5515 4.80519
52.5169 4.77991
52.4997 4.78683
52.4776 4.74898
52.4657 4.74425
52.3718 4.67412
52.3187 4.66531
52.0758 4.54619
52.046 4.52903
52.1239 4.58839
52.1336 4.59839
52.2774 4.74846
52.3336 4.78133
52.3361 4.77541
52.3397 4.77969
52.3509 4.783
52.3558 4.78181
52.3551 4.78557
52.3531 4.79417
52.3577 4.79265
52.358 4.79411
52.3654 4.80161
52.3803 4.79178
52.444 4.83641
52.4451 4.84431
52.5169 4.92624
52.5139 4.95472
52.5104 4.9499
52.5092 4.94841
52.5079 4.94615
52.4985 4.93287
52.4938 4.93126
52.4729 4.91832
52.4336 4.9137
52.4127 4.91728
52.3993 4.91721
52.3862 4.90946
52.3778 4.90559
52.3734 4.90545
52.3741 4.90018
52.3774 4.89362
52.3753 4.87931
52.3759 4.87929
52.3815 4.87646
52.3922 4.87336
52.3845 4.87393
52.3768 4.87241
52.3738 4.86217
52.378 4.85728
52.3667 4.85727
52.3681 4.86369
52.37 4.86681
52.368 4.86935
52.3658 4.86974
52.3672 4.87331
52.3594 4.87976
52.3571 4.87406
52.351 4.87722
52.3494 4.88006
52.3499 4.88074
52.3325 4.8864
52.2738 4.80052
52.2771 4.79564
52.2831 4.77251
52.2753 4.75421
52.046 4.52903
51.9901 4.59195
51.9787 4.60204
51.9727 4.59079
51.9468 4.56567
51.9333 4.56867
51.9351 4.5882
51.925 4.59019
51.9095 4.59903
51.9133 4.61367
51.8692 4.61602
51.8653 4.61587
51.8135 4.61197
51.8359 4.64364
51.8259 4.64153
51.8113 4.65404
51.7973 4.66439
51.7925 4.67175
51.8046 4.68264
51.8079 4.68578
51.8257 4.68985
51.8276 4.73111
51.822 4.84229
51.7329 4.8588
51.6939 4.87177
51.6496 4.86107
51.6325 4.86164
51.6406 4.85193
51.6091 4.78899
51.6054 4.78
51.6072 4.76873
51.5869 4.77499
51.5792 4.76128
51.5837 4.73818
51.604 4.73433
51.6058 4.73538
51.5725 4.63188
51.5626 4.62963
51.5261 4.61638
51.5753 4.58391
51.562 4.54259
51.5849 4.534
51.5828 4.52766
51.6352 4.46753
51.6856 4.43966
51.7731 4.44075
51.8277 4.44572
51.8755 4.49805
51.8909 4.50803
51.8957 4.51352
51.9383 4.53652
51.9409 4.5401
51.9431 4.53926
52.046 4.52903
51.9551 4.53012
51.894 4.54129
51.7838 4.61236
51.649 4.75462
51.5815 4.78644
51.5035 4.86903
51.5456 4.938
51.5812 4.99234
51.5236 5.04405
51.5303 5.07213
51.545 5.0814
51.5385 5.09183
51.5395 5.09203
51.5782 5.12987
51.6241 5.07917
51.6787 5.12552
51.6909 5.09724
51.6876 5.0717
51.6586 5.02603
51.6209 4.95931
51.6238 4.95491
51.6831 4.93661
51.7736 4.91833
51.8317 4.97072
51.8251 5.0408
51.8836 5.11218
51.8762 5.13551
51.8272 5.18032
51.8483 5.19091
51.9457 5.20541
52.0126 5.185
52.0149 5.17064
52.033 5.17239
52.0351 5.17118
52.0421 5.174
52.072 5.19172
52.2189 5.14459
52.2177 5.14888
52.2202 5.15973
52.2396 5.17206
52.2716 5.15897
52.2776 5.16642
52.2986 5.1499
52.2953 5.1593
52.2957 5.19543
52.2675 5.23014
52.2696 5.2501
52.2714 5.25199
52.3062 5.24076
52.3003 5.22892
52.3017 5.21449
52.3376 5.20268
52.3521 5.17781
52.3577 5.1767
52.3702 5.18057
52.3323 5.06544
52.3005 5.04277
52.3095 5.03547
52.311 5.03307
52.3093 5.03267
52.296 4.99306
52.2988 4.97768
52.2906 4.97086
52.2997 4.96897
52.2973 4.96376
52.1434 4.7667
52.046 4.52903
52.0643 4.52914
52.1679 4.52187
52.3307 4.60747
52.3547 4.62242
52.3583 4.62188
52.3709 4.64947
52.3799 4.64745
52.3803 4.65889
52.4584 4.80014
52.4568 4.8097
52.4869 4.80362
52.4982 4.80735
52.4972 4.81226
52.5391 4.87317
52.5489 4.9212
52.5233 4.96924
52.5082 4.97438
52.4985 4.96038
52.4346 4.99814
52.4574 5.0421
52.4935 5.06725
52.493 5.06964
52.4978 5.07233
52.498 5.04407
52.5128 5.05033
52.5701 5.00107
52.6265 4.94843
52.6319 4.88225
52.7135 4.9428
52.6318 5.00888
52.639 5.03124
52.7304 5.15396
52.7318 5.15994
52.9801 5.45487
52.7249 5.67036
52.9626 5.9177
53.0047 6.06807
52.7866 6.11737
52.8531 6.6059
53.1997 6.52552
53.2101 6.57137
53.3157 6.86813
52.7748 6.91715
52.4459 6.62308
52.371 6.66124
52.3642 6.60718
52.3071 6.51189
52.0407 6.61006
52.2264 6.35286
52.2271 6.20077
52.0076 6.14053
52.3839 5.77634
52.2324 5.19833
52.2254 5.18414
52.2192 5.1697
52.247 5.11321
52.2058 4.99453
52.113 4.89188
52.041 4.65468
52.0407 4.63965
52.0461 4.57751
52.0461 4.57355
52.046 4.52903
52.0377 4.49301
52.0333 4.48392
52.0005 4.4393
52.0049 4.38029
52.0228 4.36956
52.0138 4.36297
52.0142 4.36155
52.012 4.35788
52.0135 4.35085
52.0159 4.34335
52.0126 4.34124
52.0051 4.34767
52.005 4.34905
51.9965 4.35644
51.9976 4.35843
51.9872 4.35992
51.987 4.35599
51.9844 4.34971
51.9818 4.34589
51.9959 4.34231
52.0229 4.28265
52.0239 4.29346
52.0391 4.3092
52.0412 4.3112
52.0424 4.32461
52.0429 4.31428
52.0492 4.29855
52.0574 4.29547
52.0654 4.28725
52.0986 4.28114
52.0986 4.27484
52.1045 4.27964
52.1114 4.2868
52.1097 4.28933
52.1114 4.29228
52.1086 4.29584
52.1012 4.29739
52.101 4.29964
52.0923 4.30612
52.0843 4.31195
52.0784 4.30657
52.0642 4.30703
52.0625 4.30744
52.0687 4.31595
52.0744 4.32041
52.0708 4.31882
52.0605 4.31759
52.0573 4.33352
52.0539 4.34181
52.0456 4.33571
52.0377 4.35928
52.0678 4.3603
52.0683 4.36648
52.0722 4.40247
52.0554 4.465
52.0644 4.48149
52.0555 4.5097
52.046 4.52903
52.0041 4.49782
51.9219 4.47649
51.9094 4.47247
51.9081 4.48084
51.8946 4.49089
51.8903 4.48223
51.8873 4.47423
51.8867 4.47136
51.8849 4.46798
51.9055 4.45781
51.9141 4.46191
51.918 4.46704
51.9286 4.46075
51.9288 4.45661
51.9367 4.43535
51.9296 4.43163
51.9193 4.43518
51.9169 4.42387
51.9179 4.41152
51.9119 4.40437
51.9131 4.39525
51.9245 4.39989
51.9231 4.39334
51.9209 4.39389
51.9215 4.38908
51.9427 4.38138
51.9321 4.34018
51.9318 4.3385
51.9169 4.31349
51.9141 4.31609
51.9145 4.32053
51.9146 4.32488
51.9119 4.34251
51.9122 4.3577
51.9091 4.35948
51.8582 4.42382
51.8526 4.43197
51.8767 4.46615
51.8711 4.47196
51.8738 4.48078
51.8878 4.49703
51.8953 4.50977
52.046 4.52903
52.0664 4.51582
52.0683 4.5125
52.1247 4.45576
52.1265 4.45716
52.1411 4.45665
52.1528 4.45558
52.1526 4.47887
52.1469 4.48947
52.1442 4.49555
52.1627 4.50664
52.1673 4.50525
52.1733 4.50334
52.1619 4.49449
52.1613 4.48744
52.1632 4.48382
52.17 4.49152
52.1772 4.48823
52.1852 4.47232
52.1852 4.44621
52.1868 4.44553
52.2126 4.42163
52.2069 4.41165
52.2022 4.41174
52.1978 4.40579
52.1551 4.41791
52.1453 4.41506
52.1475 4.40944
52.1573 4.38446
52.1022 4.35868
52.0906 4.36278
52.084 4.36356
52.0792 4.36636
52.0452 4.3985
52.0425 4.3982
52.04 4.40644
52.0443 4.46908
52.0444 4.49651
52.046 4.52903
