51.5111 5.37687
51.5111 5.37687
51.6805 4.81664
51.6818 4.79071
51.9454 4.4737
52.0495 4.28967
52.0519 4.27837
52.0624 4.27545
52.066 4.28251
52.0697 4.27676
52.0771 4.27192
52.0755 4.27232
52.0697 4.27405
52.0649 4.27287
52.0599 4.26563
52.0459 4.26004
52.0173 4.21333
52.0067 4.16578
51.9126 4.09525
51.8834 4.0588
51.7294 3.86784
51.65 3.92506
51.7477 4.09849
51.5837 4.52807
51.5645 4.6495
51.5111 5.37687
51.9188 5.83539
51.925 5.86154
51.9425 5.88676
51.9307 6.12497
51.9403 6.12413
51.9396 6.13613
52.004 6.14791
51.9573 6.21618
51.9659 6.25458
51.949 6.31339
51.9704 6.3172
52.239 6.58017
51.9316 6.5855
51.9309 6.58281
51.8711 6.47613
51.8923 6.39302
51.8749 6.3786
51.9197 6.3535
51.9223 6.3467
51.9281 6.31454
51.8772 6.25611
51.5111 5.37687
52.0422 5.08232
52.1333 5.06307
52.084 5.0383
52.0477 4.95716
51.9741 4.76993
51.9602 4.7734
51.9314 4.78378
51.829 4.73754
51.836 4.72084
51.7857 4.67247
51.8027 4.66951
51.8041 4.66814
51.8097 4.65825
51.7985 4.65692
51.781 4.61634
51.5309 4.44453
51.5099 4.42077
51.5226 4.44946
51.5356 4.46234
51.5432 4.5234
51.5348 4.55929
51.4745 4.66365
51.5111 5.37687
50.8973 5.69906
50.8636 5.64616
50.8416 5.66878
50.8401 5.68406
50.8462 5.68503
50.8411 5.69057
50.8462 5.69277
50.8518 5.6893
50.853 5.69183
50.8497 5.70205
50.8213 5.72449
50.7783 5.71184
50.7808 5.72056
50.7885 5.80673
50.8241 5.814
50.9 6.01924
50.9486 5.98203
50.9681 5.97714
50.9659 5.9751
50.9534 5.93803
50.9252 5.93371
50.9172 5.8842
50.9417 5.79705
51.5111 5.37687
52.3371 6.52398
52.2171 6.85903
52.3822 6.80741
53.3296 6.92138
53.2257 6.57467
53.2243 6.552
53.2241 6.52269
53.2291 6.51355
53.0693 6.45119
53.003 6.55138
52.7277 6.46916
52.507 6.08853
52.5246 6.08829
52.9278 5.82349
53.0364 5.62228
53.22 5.48758
52.5008 5.48904
52.0461 4.28115
52.0372 4.27295
51.9344 4.46817
51.9326 4.48053
51.8395 4.62608
51.826 4.65841
51.8154 4.6665
51.8152 4.71752
51.8036 4.7305
51.5111 5.37687
50.9913 5.76577
50.9418 5.76731
50.9287 5.75699
50.9033 5.78557
50.8724 5.82521
50.8649 5.83581
50.8809 5.87615
50.8519 5.87806
50.8416 5.87787
50.8328 5.89337
50.7737 5.9102
50.7895 5.91748
50.8092 5.91642
50.8096 5.92226
50.8445 5.94764
50.8761 5.96524
50.8795 5.96543
50.8762 5.97714
50.889 5.9817
50.8927 5.98849
50.8959 5.97331
50.8809 5.93384
50.8981 5.91421
50.9272 5.91688
50.9506 5.90531
50.9979 5.86725
51.5111 5.37687
52.0198 5.53418
52.0299 5.53047
52.0232 5.54231
52.0508 5.55668
52.0806 5.55214
52.141 5.58733
52.1486 5.58252
52.1647 5.57843
52.1889 5.60794
52.219 5.70515
52.4548 5.85466
52.5146 5.72971
52.3487 5.63596
52.2645 5.58788
52.1958 5.55517
52.2129 5.49856
52.2175 5.49615
52.2239 5.49347
52.1534 5.42976
52.1455 5.42986
52.15 5.41314
52.1291 5.41848
51.5111 5.37687
51.1892 5.85826
51.1773 5.87093
51.1847 5.9026
51.1489 5.93336
51.1169 5.89615
51.0946 5.89215
51.0987 5.87064
51.1044 5.86797
51.062 5.84974
51.0602 5.85159
51.0016 5.87458
50.9982 5.87208
50.9889 5.85468
50.9794 5.83777
50.9944 5.82558
50.9881 5.81638
50.9593 5.83441
50.9464 5.84884
50.9361 5.84437
50.9152 5.83064
50.9422 5.80321
50.9505 5.7645
51.3502 5.46486
51.5111 5.37687
51.5492 4.5925
51.5573 4.51552
51.5437 4.48754
51.5382 4.41809
51.4998 4.28932
51.5384 4.2204
51.3154 4.0498
51.2632 4.05323
51.3111 3.9423
51.2846 3.83646
51.3083 3.84852
51.6577 3.92674
51.6232 3.98495
51.5894 4.01878
51.6019 4.10544
51.6145 4.16433
51.5985 4.21552
51.657 4.40799
51.6513 4.59888
51.645 4.60446
51.6432 4.61141
51.595 4.71665
51.5111 5.37687
51.6154 5.71592
51.6285 5.87464
51.6271 5.88543
51.5242 5.93979
51.5322 5.96834
51.5115 6.03391
51.4524 6.04928
51.4556 6.06104
51.42 6.07742
51.3761 6.13742
51.4949 6.10019
51.5333 6.10719
51.5522 6.10781
51.5658 6.08514
51.5737 6.00681
51.585 6.00902
51.6003 5.98777
51.6442 5.95357
51.6557 5.93165
51.773 5.97603
51.7476 5.88433
51.7317 5.87709
51.5111 5.37687
51.3472 5.87903
51.2763 5.87025
51.2452 5.90319
51.2359 5.96044
51.259 5.97297
51.3176 5.99808
51.2941 6.05541
51.3429 6.09496
51.3628 6.14177
51.3686 6.14095
51.3829 6.1806
51.3793 6.1837
51.3762 6.19807
51.3624 6.16861
51.335 6.14497
51.3132 6.12003
51.2825 6.08178
51.2389 6.04727
51.1898 6.01074
51.1863 6.00564
51.1869 5.99569
51.1958 5.98435
51.1746 5.96505
51.1599 5.94613
51.1567 5.94331
51.5111 5.37687
51.8121 4.947
51.8076 4.90474
51.8246 4.87836
51.8396 4.96824
51.8682 4.99188
51.9213 4.99451
52.0092 5.03273
52.0245 5.02749
52.0767 5.09709
52.0773 5.09677
52.0963 5.09279
52.0994 5.09992
52.0955 5.1069
52.0979 5.10522
52.1005 5.10182
52.1038 5.10034
52.1078 5.10101
52.1172 5.12206
52.1178 5.12245
52.112 5.12338
52.0943 5.13151
52.0852 5.14702
52.023 5.09532
51.8087 5.16808
51.5111 5.37687
51.7484 5.83349
51.7851 5.8567
51.7919 5.84183
51.8184 5.84875
51.8348 5.87914
51.8339 5.87898
51.8219 5.87796
51.8133 5.89325
51.7872 5.91681
51.8287 5.93255
51.8774 5.96384
51.8908 5.99931
51.8767 6.22051
52.0189 6.06424
52.0007 6.02615
52.0004 5.985
52.0922 6.06786
52.109 6.03045
52.1488 5.95247
52.1178 5.87797
51.9911 5.91696
51.9824 5.90398
51.9122 5.78246
51.5111 5.37687
51.9555 5.58025
51.9605 5.56167
51.9653 5.56512
51.9692 5.56739
52.0103 5.60496
52.0188 5.63665
52.0429 5.66591
52.0428 5.67629
51.9777 5.73036
51.976 5.73619
51.9848 5.74767
51.9882 5.75216
52.0009 5.79541
51.961 5.85251
51.9497 5.86383
51.9467 5.86702
51.9381 5.89888
51.9485 5.90946
51.9559 5.90683
51.9605 5.9165
51.9761 5.9197
51.9873 5.92212
51.9136 5.95625
51.8609 5.86584
51.5111 5.37687
51.8088 5.79645
51.8073 5.80052
51.8008 5.80255
51.7968 5.80976
51.8052 5.81447
51.8112 5.80925
51.8358 5.83413
51.8357 5.85067
51.831 5.85317
51.8284 5.85538
51.8334 5.86279
51.8398 5.85934
51.8437 5.86127
51.8432 5.86207
51.8393 5.87578
51.8897 5.90457
51.8462 5.86149
51.8481 5.85995
51.8474 5.83815
51.8427 5.83685
51.8438 5.82398
51.8355 5.8185
51.8133 5.791
51.7881 5.74743
51.5111 5.37687
52.0658 5.13662
52.0659 5.1393
52.1242 5.19242
52.2222 5.15479
52.2413 5.17384
52.231 5.17909
52.2241 5.22696
52.2515 5.22818
52.2462 5.37378
52.2442 5.37044
52.2387 5.3677
52.1776 5.37547
52.1616 5.38391
52.1614 5.39358
52.1549 5.39869
52.1735 5.39638
52.1765 5.40916
52.1701 5.41293
52.1658 5.40739
52.1552 5.41074
52.1471 5.40711
52.0565 5.40701
51.9587 5.41812
51.5111 5.37687
51.9407 5.35352
51.9729 5.32733
51.9972 5.31332
51.9988 5.30644
51.9514 5.29299
51.9509 5.2496
51.9495 5.24448
51.9463 5.21913
52.0331 5.24667
52.054 5.23576
52.0472 5.26861
52.0285 5.34582
52.0329 5.35162
52.1337 5.41894
52.1372 5.42194
52.1346 5.42887
52.1348 5.43545
52.1277 5.43929
52.1262 5.44265
52.1349 5.49794
52.1348 5.50253
52.0958 5.48532
52.0809 5.48285
52.0521 5.47531
52.0006 5.45323
51.5111 5.37687
51.8551 5.60818
51.8874 5.59706
51.8878 5.60183
51.8873 5.63668
51.8863 5.6888
51.9651 5.66182
51.9786 5.67386
51.9787 5.66333
51.9743 5.65872
51.9846 5.64684
52.0041 5.66266
52.0078 5.66639
52.0254 5.66436
52.0244 5.65807
52.0458 5.65664
52.0472 5.65487
52.034 5.64244
52.039 5.64036
52.0432 5.62809
52.0442 5.62815
52.0839 5.6153
52.0495 5.60553
52.0331 5.55768
51.5111 5.37687
51.7297 5.30507
51.8911 5.1943
51.8978 5.14584
51.8814 5.10358
51.8918 5.07406
51.898 5.0943
51.9033 5.10082
51.9433 5.1413
51.9643 5.155
52.0232 5.13989
52.0382 5.15688
52.0287 5.17609
52.0688 5.19927
52.0882 5.21434
52.1009 5.22533
52.0991 5.24187
52.0964 5.24585
52.1363 5.22582
52.1752 5.21548
52.1836 5.2722
52.192 5.2838
52.1827 5.29634
52.1742 5.28941
52.1668 5.31053
52.1636 5.30768
52.1137 5.2804
51.5111 5.37687
51.0036 5.89431
50.9575 5.9245
50.8699 6.00921
50.8654 6.03413
50.7747 6.01686
50.8617 6.06221
50.8614 6.07479
50.8648 6.07311
50.8905 6.06887
50.8911 6.06748
50.892 6.0562
50.9114 6.05057
51.117 6.03826
51.1531 6.06365
51.1578 6.06797
51.1567 6.01754
51.1575 6.01241
51.1594 6.01405
51.1631 6.01534
51.4163 6.0483
51.415 6.00635
51.4737 5.91439
51.5111 5.37687
51.7016 5.67103
51.7012 5.73302
51.6915 5.73715
51.6898 5.77938
51.7401 5.78318
51.7598 5.73999
51.7629 5.73366
51.8062 5.71707
51.8101 5.73274
51.8233 5.73076
51.8318 5.74672
51.8278 5.75472
51.8328 5.77774
51.8506 5.7744
51.8531 5.76353
51.8564 5.76241
51.8623 5.75339
51.8727 5.73891
51.909 5.7307
51.953 5.75847
51.9268 5.719
51.5111 5.37687
51.469 5.63345
51.471 5.63782
51.4883 5.64843
51.4809 5.65813
51.4828 5.665
51.4912 5.66398
51.4904 5.67337
51.4809 5.67984
51.48 5.69592
51.4139 5.74547
51.3976 5.75156
51.4039 5.75291
51.4617 5.77486
51.4617 5.80347
51.4664 5.83601
51.511 5.81975
51.5499 5.81407
51.5018 5.78069
51.5015 5.74879
51.5396 5.71241
51.5516 5.69155
51.6026 5.67582
51.5406 5.62662
51.5274 5.62446
51.5279 5.47688
51.5111 5.37687
51.7272 5.29675
51.7282 5.28881
51.7193 5.2678
51.7221 5.26504
51.7512 5.2702
51.7457 5.25048
51.7497 5.22787
51.8125 5.24884
51.8718 5.27849
51.8836 5.29282
51.8516 5.30892
51.8673 5.38908
51.8894 5.42355
51.8866 5.43017
51.8914 5.43102
51.8981 5.4329
51.9817 5.51661
51.9473 5.52147
51.8794 5.47625
51.8943 5.44746
51.8951 5.4435
51.8879 5.43531
51.8869 5.43575
51.8528 5.43244
51.8478 5.39047
51.7751 5.337
51.5111 5.37687
51.5251 5.3366
51.503 5.31625
51.4425 5.3357
51.422 5.39637
51.4241 5.39827
51.4144 5.40845
51.4213 5.41793
51.3619 5.44248
51.3956 5.48892
51.4226 5.54051
51.4171 5.56121
51.4305 5.56426
51.4883 5.57051
51.5188 5.51071
51.5491 5.48479
51.5353 5.48713
51.5347 5.4872
51.5147 5.48617
51.5112 5.48826
51.5072 5.47413
51.5095 5.40547
51.5111 5.37687
51.4235 5.27452
51.3729 5.21114
51.3648 5.1598
51.4095 5.14761
51.46 4.97637
51.4684 4.87546
51.5711 4.82997
51.5638 4.79701
51.5749 4.77242
51.5926 4.79526
51.5919 4.80019
51.6382 4.84953
51.6342 4.86184
51.6339 4.86737
51.6519 4.85668
51.6616 4.86448
51.6611 4.86769
51.6862 4.90175
51.7778 4.91395
51.8406 4.95136
51.8328 5.00827
51.7568 5.04776
51.7297 4.9985
51.624 4.95017
51.5457 5.03585
51.5226 5.04355
51.5389 5.08873
51.5111 5.37687
51.6119 5.46449
51.6517 5.47847
51.6483 5.53564
51.6279 5.55484
51.6269 5.55274
51.619 5.53702
51.5926 5.54406
51.5885 5.58878
51.5975 5.60563
51.645 5.63568
51.6717 5.61868
51.66 5.61015
51.6646 5.5579
51.7002 5.5653
51.6989 5.59144
51.7726 5.63947
51.7387 5.55853
51.7744 5.5428
51.7484 5.51533
51.7505 5.49712
51.7224 5.4397
51.7265 5.36513
51.7234 5.35868
51.7542 5.32836
51.5111 5.37687
51.5588 5.41633
51.5874 5.39992
51.641 5.36019
51.68 5.32776
51.6861 5.30642
51.6937 5.30467
51.6873 5.29995
51.6862 5.2903
51.6575 5.29705
51.6497 5.29716
51.6131 5.29383
51.62 5.2754
51.632 5.23366
51.6331 5.22619
51.628 5.22937
51.6058 5.21947
51.5786 5.20778
51.5747 5.19973
51.5797 5.17122
51.5931 5.14976
51.5784 5.14534
51.5624 5.10655
51.5649 5.09289
51.5519 5.08486
51.5421 5.18449
51.5111 5.37687
51.5756 5.3248
51.5888 5.32086
51.5887 5.32052
51.5922 5.31821
51.6621 5.2318
51.7009 5.21167
51.7029 5.21111
51.7008 5.20738
51.69 5.19663
51.7278 5.15474
51.6786 5.13471
51.6922 5.08129
51.6823 5.08651
51.6304 5.0818
51.6302 5.07061
51.5831 5.08653
51.5686 5.04992
51.5723 5.04359
51.58 5.03539
51.5737 5.00327
51.5679 5.01446
51.5586 5.05453
51.5511 5.0683
51.5555 5.07886
51.5555 5.08272
51.5111 5.37687
51.3213 5.34969
51.3214 5.36294
51.3043 5.42506
51.2848 5.5473
51.2998 5.56744
51.3004 5.57639
51.2741 5.57423
51.2669 5.56902
51.2621 5.6914
51.2416 5.72223
51.2427 5.72456
51.169 5.81779
51.1719 5.81929
51.2537 5.73416
51.2712 5.70445
51.4089 5.54348
51.4251 5.51025
51.4248 5.49932
51.4254 5.49358
51.4391 5.47182
51.5013 5.38849
51.5111 5.37687
51.4502 5.40404
51.434 5.41353
51.4452 5.44303
51.4172 5.44526
51.4235 5.46212
51.4209 5.46516
51.4257 5.46542
51.429 5.49629
51.4277 5.49759
51.4339 5.49754
51.4384 5.51708
51.4448 5.51335
51.4414 5.48203
51.442 5.48134
51.4547 5.48183
51.4588 5.47334
51.4522 5.47451
51.4504 5.46419
51.4689 5.45875
51.485 5.44332
51.4826 5.43773
51.5111 5.37687
