52.9701 5.90974
52.9717 5.90594
52.9631 5.90561
52.9391 5.8812
52.9566 5.8722
52.9278 5.82349
52.9603 5.80626
52.9681 5.80653
52.9726 5.79919
52.997 5.86366
53.0533 5.84469
53.096 5.84224
53.1499 5.80706
53.177 5.79985
53.1731 5.8355
53.15 5.89551
53.0469 5.90029
52.7091 6.19129
53.1748 6.36171
53.1778 6.36904
53.2349 6.32013
53.3047 6.26952
53.3396 6.30591
53.3353 6.38677
53.2528 6.45761
53.1396 6.42443
53.1315 6.40339
53.0693 6.45119
53.0695 6.45311
53.0235 6.48119
52.9791 6.48113
52.9514 6.45189
53.2209 6.53194
53.2241 6.52269
53.2278 6.52615
53.2416 6.52243
53.2277 6.54098
53.217 6.54768
53.2187 6.55061
53.2243 6.552
53.2192 6.55892
53.2192 6.55951
53.2159 6.56802
53.2101 6.57137
53.211 6.57822
52.0104 6.14168
52.0076 6.14053
52.0083 6.14798
51.9221 6.26389
51.8835 6.26422
51.8757 6.22454
51.8616 6.11141
51.9434 6.12797
51.9253 6.07518
51.9307 6.0778
51.9323 6.06079
52.0064 6.03365
52.0908 6.03933
52.1164 6.02031
52.1968 6.0162
52.7837 6.11572
52.79 6.09682
52.7988 6.08947
52.8699 6.00377
52.8721 5.98804
52.8832 5.95193
52.9507 5.91577
52.9626 5.9177
52.9606 5.92409
52.9629 5.92852
52.964 5.93628
53.0047 6.06807
53.0056 6.07414
52.8929 6.04727
52.8928 6.04806
52.7866 6.11737
52.735 6.17867
52.3394 6.1097
52.3183 6.08322
52.2293 5.99873
52.2296 5.99302
52.2296 5.9902
52.218 5.99661
52.2011 6.00387
52.2077 5.98551
52.2176 5.98474
52.256 5.95256
52.2831 5.94757
52.2845 5.95737
52.2904 5.97008
52.3567 5.99114
52.2284 6.85721
52.2171 6.85903
52.2184 6.86177
52.2258 6.86503
52.2275 6.86965
52.2285 6.87196
52.2298 6.87443
52.2321 6.88403
52.2213 6.89734
52.2145 6.88289
52.197 6.89205
52.1957 6.88357
52.2071 6.87394
52.1879 6.86909
52.1886 6.85421
52.5219 6.00553
52.4975 5.97243
52.4471 5.90509
52.3816 5.79416
52.3839 5.77634
52.371 5.77087
52.3588 5.67699
52.3487 5.63596
52.3519 5.64064
52.3636 5.65088
52.4211 5.81968
52.4439 5.82956
52.4548 5.85466
52.4515 5.86083
52.3535 6.90707
52.3502 6.92531
52.4027 7.02925
52.3379 6.97654
52.3148 6.99207
52.2817 6.97288
52.302 6.94053
52.3191 6.93387
52.3153 6.92337
52.3103 6.91524
52.3031 6.93498
52.2543 6.91463
52.2425 6.89577
53.006 6.7706
53.0017 6.78452
53.1056 6.87821
53.1159 6.87638
53.0785 6.97224
53.1029 7.00773
53.1495 7.02102
53.1358 7.02603
53.1441 7.02949
53.1442 7.02986
53.1444 7.0366
53.1514 7.03214
53.1958 7.08471
53.1024 7.07523
53.122 7.17208
53.1052 7.19556
53.0281 7.1076
53.0242 7.09359
53.1919 5.66356
53.2342 5.69233
53.2113 5.72511
53.2084 5.76042
53.1997 5.77753
53.204 5.78102
53.1974 5.78763
53.2068 5.79054
53.2117 5.78543
53.2058 5.77763
53.2106 5.77127
53.2245 5.75775
53.2364 5.77709
53.2622 5.7558
53.3069 5.78705
53.208 5.79977
53.1863 5.79581
53.1895 5.7812
53.1931 5.7908
53.1908 5.79494
53.1947 5.79437
53.2031 5.79849
53.1998 5.80394
53.2066 5.80766
53.2107 5.80784
53.204 5.81375
53.1962 5.81591
53.2103 5.81601
53.212 5.83918
52.2287 5.96441
52.2349 5.95158
52.222 5.9419
52.2148 5.93105
52.1171 5.87559
51.9543 5.9838
51.9795 5.96755
51.9806 5.95389
51.9821 5.95282
51.9942 5.9371
51.9881 5.89667
51.9868 5.89386
51.9912 5.88366
51.9876 5.83922
52.0936 5.7749
52.1494 5.66783
52.2702 5.74323
52.2944 5.77483
52.6774 5.96167
52.6757 5.95967
52.6549 5.92631
52.5351 5.72787
52.5146 5.72971
52.5148 5.71217
52.5576 5.68014
52.6671 5.62596
52.6692 5.62033
52.6768 5.67163
52.7197 5.73564
52.7213 5.73503
52.8083 5.92272
52.7249 5.67036
52.6622 5.6107
52.6678 5.59441
52.5325 5.49598
52.5173 5.49133
52.526 5.49128
52.7029 5.28175
52.7047 5.28134
52.7101 5.28026
52.9438 5.40287
52.9801 5.45487
53.057 5.40782
53.0595 5.51681
53.0622 5.52546
52.9932 5.54934
52.3994 6.6118
52.3773 6.64865
52.3785 6.67333
52.3818 6.68892
52.371 6.66124
52.3596 6.66801
52.3561 6.66491
52.3509 6.6559
52.349 6.65081
52.3463 6.64891
52.3475 6.64571
52.3642 6.60718
52.3638 6.58676
52.7043 6.18335
52.6203 6.04351
52.5395 6.05234
52.5314 6.05433
52.5734 5.94789
52.5625 5.93905
52.5569 5.91893
52.5491 5.91843
52.5499 5.90293
52.5594 5.90046
52.5633 5.89863
52.5645 5.89559
52.5631 5.90639
52.5626 5.91214
52.6795 5.99995
52.6916 6.07119
52.5094 5.50625
52.4987 5.49729
52.4934 5.49415
52.4938 5.4905
52.4941 5.4885
52.4965 5.48903
52.5008 5.48904
52.5067 5.47752
52.5031 5.47189
52.4914 5.42536
52.5291 5.43867
52.5286 5.45241
52.5219 5.45688
52.5143 5.46827
52.6918 6.59023
52.5817 6.60572
52.5806 6.61446
52.578 6.61689
52.4805 6.5696
52.4687 6.56568
52.4668 6.52909
52.3756 6.48461
52.3644 6.4508
52.3108 6.38345
52.2796 6.41067
52.2788 6.40873
52.2264 6.35286
52.2383 6.32899
52.2484 6.2956
52.5859 6.34281
52.2808 6.78868
52.278 6.79541
52.305 6.82406
52.2969 6.81915
52.2864 6.83978
52.2756 6.8147
52.265 6.82089
52.2653 6.82232
52.2644 6.82293
52.2634 6.8224
52.2549 6.79918
52.222 6.83168
52.1931 6.77652
52.2253 6.77934
52.2618 5.60829
52.2933 5.59983
52.3213 5.6058
52.3216 5.60379
52.3336 5.60653
52.3389 5.60431
52.3242 5.5981
52.3233 5.59611
52.3233 5.59458
52.3189 5.54536
52.3244 5.53914
52.3455 5.51951
52.3433 5.62171
52.3414 5.63758
52.3576 5.64113
52.5423 6.14452
52.5235 6.14019
52.5347 6.11101
52.5245 6.09918
52.5246 6.08829
52.5289 6.08906
52.5348 6.09212
52.5861 6.10318
52.5916 6.09119
52.5913 6.09259
52.5936 6.10957
52.6991 6.2199
52.7239 6.24614
52.769 6.38907
52.7352 6.45122
52.7277 6.46916
52.7068 6.47648
52.6406 6.36752
52.6012 6.29506
52.5942 6.28461
52.6758 6.28357
52.7013 6.19831
52.7019 6.19783
52.239 6.58017
52.231 6.58507
52.1653 6.73155
52.155 6.73832
52.1548 6.73204
52.1502 6.66594
52.1493 6.66084
52.0998 6.66235
52.0813 6.65699
52.1005 6.64911
52.1362 6.61213
52.1615 6.60723
52.1602 6.59661
52.1106 6.51434
52.128 6.52353
52.1366 6.53267
53.395 6.72313
53.3858 6.75575
53.366 6.77189
53.2836 6.78558
53.3225 6.84301
53.3191 6.85299
53.3202 6.86044
53.3157 6.86813
53.316 6.87255
53.33 6.90354
53.3216 6.90525
53.3296 6.92138
53.2886 6.91335
53.2717 6.90554
53.2782 6.86094
53.1757 6.81526
53.1635 6.76042
53.1498 6.74042
52.699 6.19403
52.6538 6.22604
52.6382 6.21973
52.6337 6.21182
52.6169 6.1814
52.6473 6.20363
52.6529 6.20499
52.6977 6.18867
52.1258 6.36409
52.0602 6.38256
52.004 6.48654
51.91 6.38964
51.8832 6.38543
51.8876 6.37807
51.8736 6.36954
51.9648 6.25861
51.9705 6.21415
52.003 6.23485
52.0178 6.32866
52.055 6.30155
52.1036 6.3108
52.1515 6.28983
52.1597 6.30149
52.9924 6.50932
53.0008 6.5191
53.0015 6.51862
53.072 6.57348
53.0758 6.57724
53.0712 6.58372
53.0095 6.56419
52.9962 6.5805
52.9975 6.567
52.9998 6.55814
53.003 6.55138
53.0051 6.54789
52.988 6.54017
52.9864 6.53385
52.4206 6.72964
52.4201 6.73235
52.4349 6.78713
52.4567 6.84511
52.4029 6.91161
52.39 6.84302
52.3822 6.80741
52.4062 6.7934
52.4085 6.79059
52.409 6.78522
52.3563 6.76847
52.372 6.7629
52.3718 6.7184
52.3356 6.70625
52.3409 6.68079
52.3687 6.68324
52.8488 6.50657
52.86 6.50948
52.8659 6.5086
52.8531 6.6059
52.8506 6.61827
52.8506 6.61924
52.8091 6.63349
52.7096 6.51414
52.7164 6.5074
52.7198 6.50489
52.7166 6.49862
52.7198 6.49686
52.7222 6.47975
52.7246 6.4773
52.7216 6.47691
52.7218 6.45
53.111 6.45164
53.1409 6.43537
53.154 6.49209
53.1282 6.52539
53.1742 6.54145
53.134 6.57041
53.0914 6.59861
53.061 6.71492
53.0567 6.71621
53.0167 6.72886
53.0155 6.72986
53.0078 6.72945
53.0007 6.73931
53.3878 6.3591
53.3861 6.39101
53.3637 6.45942
53.3655 6.46059
53.3185 6.45748
53.3294 6.52511
53.3991 6.61108
53.4026 6.61586
53.4163 6.66276
53.3491 6.64674
53.3484 6.64478
53.282 6.69543
53.2783 6.69109
53.277 6.68791
53.3022 6.61006
53.3001 6.6096
53.3057 6.6013
51.9604 5.96565
51.9546 5.97057
51.9388 5.94099
51.9255 5.92848
51.9605 5.9165
51.9587 5.90713
51.951 5.8873
51.9503 5.87041
51.9493 5.86866
51.9604 5.85251
51.9621 5.86222
51.9617 5.8668
51.9809 5.9075
52.5935 6.39107
52.6002 6.48702
52.5879 6.45293
52.5763 6.42011
52.5553 6.37935
52.5225 6.40834
52.5095 6.35212
52.4781 6.32731
52.4457 6.33425
52.3976 6.28497
52.4395 6.22296
52.5356 6.31026
52.2987 6.49267
51.9865 6.78471
51.9584 6.7311
51.9187 6.66714
51.9433 6.61646
51.9316 6.5855
51.9309 6.58281
51.9275 6.5815
51.9245 6.57076
51.8614 6.49456
51.9845 6.57931
51.9886 6.55531
52.0112 6.5926
52.0407 6.61006
52.0404 6.62174
52.3103 6.49814
52.3129 6.51299
52.3071 6.51189
52.3064 6.52494
52.2474 6.53978
52.2403 6.56373
52.2355 6.57798
52.1977 6.55521
52.2313 6.49919
52.156 6.40747
52.1643 6.4043
53.2164 6.57097
53.2232 6.56875
53.2291 6.56571
53.2257 6.57467
53.2234 6.57797
53.2319 6.58008
53.243 6.58185
53.2458 6.58354
53.2474 6.58618
53.2405 6.62654
53.2363 6.62267
53.2252 6.60141
53.2273 6.59498
53.2233 6.58589
52.6612 6.68166
52.6711 6.74539
52.6573 6.74163
52.5319 6.67263
52.4624 6.74085
52.4517 6.75256
52.4604 6.69909
52.4459 6.62308
52.4107 6.61212
52.3388 6.51708
52.3525 6.48939
52.3532 6.47033
52.3748 6.48357
53.0035 6.76361
53.0006 6.77373
53.1565 6.74664
53.1622 6.79245
52.9927 6.95356
52.971 6.94632
52.9837 6.97353
52.9853 6.97759
52.9378 7.01507
52.9362 7.01654
52.8822 7.05195
52.8745 7.0537
52.8469 7.083
52.7548 7.03843
52.5093 6.12111
52.5116 6.11121
52.5058 6.10549
52.4973 6.09777
52.507 6.08853
52.5104 6.07792
52.518 6.09116
52.5198 6.09187
52.513 6.09561
52.518 6.09611
52.5202 6.09835
52.5235 6.10901
53.2533 5.89816
53.2539 5.89898
53.2542 5.90081
53.2951 5.88587
53.3227 5.99533
53.3154 6.01018
53.2763 6.01361
53.2579 6.03189
53.2939 6.04338
53.292 6.08515
53.2544 6.09117
53.2789 6.14259
53.2782 6.14264
53.2529 6.15329
52.7618 6.50907
52.7436 6.712
52.7616 6.72661
52.7707 6.80174
52.77 6.88831
52.7829 6.89338
52.7748 6.91715
52.7345 7.00488
52.7265 6.99298
52.6742 6.97736
52.7174 6.92423
52.7187 6.91821
52.6657 6.88299
52.7081 6.85613
52.7166 6.77536
52.6986 6.75895
52.6985 6.7402
52.7096 6.65985
52.7299 6.07584
52.7873 5.84041
52.8734 5.79724
52.8492 5.70759
52.8237 5.67925
52.8971 5.58858
52.9409 5.62423
52.9783 5.62037
53.0364 5.62228
53.0429 5.65198
53.0273 5.65717
53.036 5.66286
53.0334 5.66714
53.0421 5.66318
53.0426 5.6695
53.0633 5.67983
52.9451 5.7427
52.2722 7.00317
52.2652 7.00344
52.2664 7.01292
52.2569 7.00802
52.2531 7.00372
52.2374 7.02551
52.218 6.97463
52.2076 6.97418
52.2112 6.96634
52.2174 6.95925
52.2205 6.93846
52.2271 6.92318
52.2224 6.9176
52.2165 6.91709
52.219 6.90726
52.2112 6.89721
52.2276 6.90296
52.365 6.59187
52.3565 6.59625
52.357 6.59862
52.3278 6.63775
52.311 6.65687
52.2936 6.76145
52.2984 6.7633
52.2941 6.79714
52.2768 6.78007
52.2526 6.77565
52.2747 6.75456
52.2594 6.71537
52.2533 6.69639
52.2821 6.6728
52.305 6.61553
52.2925 6.57735
52.3371 6.52398
53.1703 5.44465
53.1676 5.44203
53.1669 5.42567
53.1725 5.43528
53.1983 5.43446
53.196 5.46131
53.22 5.48758
53.2368 5.54553
53.1976 5.53349
53.1988 5.54745
53.1929 5.54601
53.1889 5.54333
53.2143 5.65974
52.3899 6.13737
52.3917 6.16829
52.2614 6.23209
52.2549 6.23641
52.2444 6.21345
52.2529 6.19267
52.3568 6.11463
52.39 6.03931
52.4418 6.06795
52.4542 6.05388
52.479 6.0602
52.502 6.05693
52.4877 6.09982
52.4915 6.10008
52.5192 6.09035
52.5229 6.10816
53.0982 6.10728
53.1065 6.10049
53.109 6.09466
53.124 6.09973
53.1162 6.08964
53.0981 6.08077
53.0982 6.07999
53.1196 6.07711
53.1365 6.05015
53.1563 6.03281
53.1718 6.04865
53.1797 6.1638
53.1866 6.16863
53.1818 6.18522
53.1138 6.12379
52.285 6.14765
52.2549 6.17273
52.2473 6.16822
52.2508 6.1649
52.2539 6.15578
52.256 6.15531
52.259 6.14782
52.262 6.14109
52.2746 6.13052
52.2348 6.10707
52.2379 6.09553
52.2843 6.09986
52.3125 6.11103
52.2271 6.20077
52.2042 6.20204
52.2206 6.25154
52.1448 6.23149
52.1299 6.22066
52.1342 6.21034
52.1456 6.21192
52.1415 6.20916
52.1471 6.2029
52.1455 6.19332
52.1472 6.18965
52.1475 6.17704
52.0952 6.15827
52.0993 6.15304
52.1533 6.10089
52.272 6.16635
53.2095 6.50347
53.2291 6.51355
53.1997 6.52552
53.1843 6.53699
53.1955 6.55705
53.1877 6.56146
53.1857 6.57506
53.1981 6.56629
53.1992 6.57271
53.2006 6.58481
53.1981 6.59072
53.1922 6.59296
53.173 6.62671
53.1703 6.62253
53.1377 6.62972
53.1484 6.56192
52.1962 5.98871
52.1968 5.98395
52.1864 5.98584
52.1883 5.97824
52.1988 5.97574
52.1862 5.94361
52.1929 5.9466
52.2005 5.93914
52.2017 5.95121
52.202 5.9516
52.2121 5.9633
52.2132 5.96314
52.2173 5.95979
52.2284 5.96074
52.8026 6.18925
52.8431 6.18454
52.8904 6.14555
52.9191 6.18325
53.0004 6.16659
52.973 6.19803
52.979 6.22718
52.9945 6.28122
52.9845 6.28908
52.9837 6.28973
52.9536 6.34833
52.9104 6.38107
53.0307 5.98871
53.1928 6.00353
53.1899 5.98655
53.2167 5.93896
53.2276 5.97724
53.2344 5.97604
53.2202 5.99594
53.2246 6.00954
53.2164 6.09412
53.2163 6.09746
53.2528 6.14747
53.1871 6.14248
53.1858 6.1216
53.1827 6.12466
52.6191 4.65082
52.6216 4.65024
52.6224 4.65793
52.6232 4.65751
52.6928 4.6692
52.6952 4.69869
52.7065 4.70481
52.6589 4.71199
52.6353 4.72935
52.6097 4.70458
52.6062 4.68498
52.6033 4.70163
52.5997 4.70401
52.5925 4.71512
52.512 4.67263
52.1348 4.64655
52.1342 4.65467
52.1349 4.6633
52.1424 4.67637
52.1399 4.67875
52.1252 4.66822
52.1206 4.6521
52.118 4.65034
52.0874 4.65583
52.075 4.65293
52.0731 4.64654
52.0562 4.64413
52.0484 4.65039
52.047 4.64523
52.6359 5.05674
52.6482 5.05294
52.642 5.06775
52.6507 5.0651
52.6677 5.04366
52.653 5.0801
52.6678 5.08312
52.6751 5.08383
52.7233 5.14126
52.7304 5.15396
52.7318 5.15994
52.6972 5.1865
52.6928 5.20239
52.6654 5.20946
52.6524 5.10014
52.5096 4.97323
51.8577 4.40116
51.8545 4.38747
51.8474 4.37055
51.8523 4.36645
51.8668 4.36216
51.8702 4.36132
51.8666 4.34187
51.8431 4.33865
51.8329 4.33161
51.8293 4.32487
51.8498 4.32685
51.8461 4.31912
51.8532 4.31402
51.8533 4.31229
51.9282 4.35134
51.9112 4.3809
51.912 4.38639
51.9147 4.38566
52.1752 4.49742
52.1938 4.49809
52.1963 4.50471
52.2226 4.51854
52.2246 4.53239
52.2371 4.56349
52.2492 4.56114
52.2556 4.55527
52.2595 4.56085
52.2712 4.60907
52.2664 4.61357
52.2613 4.63978
52.218 4.64364
52.2048 4.64365
52.2586 4.71505
52.2672 4.74721
52.2371 4.75043
52.2412 4.78732
52.2463 4.80503
52.2396 4.80735
52.2421 4.81976
52.2356 4.83163
52.2174 4.86384
52.2114 4.85848
52.1832 4.77767
52.1462 4.76897
52.1436 4.76704
52.1434 4.7667
51.9872 4.50708
51.9743 4.50741
51.958 4.5085
51.9582 4.50387
51.9378 4.5054
51.9334 4.50508
51.94 4.48185
51.9395 4.47909
51.9454 4.4737
51.951 4.4739
51.9509 4.47086
51.9514 4.46531
51.9561 4.4764
51.9604 4.47172
52.108 5.17183
52.1285 5.18841
52.1285 5.19492
52.1423 5.20594
52.1439 5.20788
52.0991 5.24187
52.0888 5.25692
52.0878 5.24889
52.0903 5.23136
52.0825 5.22434
52.0882 5.21686
52.0792 5.21708
52.0535 5.2309
52.0654 5.20484
52.067 5.20423
52.0871 5.15309
52.0873 5.15202
51.492 3.8921
51.4951 3.89078
51.5038 3.88355
51.5296 3.82213
51.4923 3.81842
51.4743 3.82209
51.4727 3.82165
51.4271 3.8218
51.423 3.72638
51.4833 3.63553
51.4924 3.6309
51.4887 3.63084
51.4861 3.62767
51.4991 3.61059
51.5001 3.61183
51.5666 3.67013
51.5941 3.74747
51.9289 4.50228
51.9208 4.50138
51.9209 4.50632
51.9112 4.51142
51.9138 4.49497
51.9188 4.49035
51.92 4.49135
51.9267 4.49275
51.9242 4.48735
51.9326 4.48053
51.9354 4.47848
51.9335 4.47662
51.9344 4.46817
51.9381 4.4843
51.9352 4.48907
52.3265 4.81406
52.3481 4.84499
52.3392 4.85584
52.3283 4.8587
52.3266 4.85817
52.3154 4.86265
52.3099 4.86528
52.3029 4.85529
52.3116 4.8439
52.2998 4.847
52.2988 4.85115
52.2931 4.85638
52.2915 4.85756
52.3674 5.18861
52.3617 5.19488
52.3641 5.19413
52.3804 5.19413
52.3834 5.19994
52.382 5.21023
52.3672 5.2114
52.3701 5.21535
52.3687 5.21579
52.3902 5.22716
52.3849 5.25348
52.3719 5.23584
52.3615 5.23887
52.3448 5.22592
52.3397 5.21501
51.3547 3.55124
51.3185 3.56604
51.3096 3.38809
51.3086 3.38543
51.3494 3.39131
51.3704 3.37829
51.3829 3.43187
51.3951 3.50189
51.451 3.60396
51.4687 3.60276
51.4772 3.59779
51.4831 3.60162
51.4921 3.5968
51.4897 3.60388
51.4915 3.61332
52.2042 4.63936
52.3503 4.79582
52.3539 4.80628
52.3532 4.81036
52.3782 4.81379
52.3744 4.82237
52.3567 4.82939
52.3644 4.83189
52.3774 4.84043
52.3768 4.84771
52.3552 4.86306
52.3545 4.8644
52.3501 4.86062
52.3478 4.86222
52.3481 4.83172
52.3438 4.82382
51.5092 4.35154
51.403 4.35389
51.4042 4.31549
51.4736 4.27619
51.4873 4.30674
51.4936 4.29012
51.4962 4.28269
51.4183 4.1775
51.416 4.17636
51.4178 4.17462
51.4161 4.06697
51.4481 4.03045
51.4478 4.02343
51.4776 3.95804
52.8835 4.73133
52.8872 4.73987
52.8927 4.74628
52.8974 4.74468
52.9375 4.73883
52.96 4.74745
52.9634 4.7666
52.9638 4.77221
52.9557 4.76913
52.9548 4.76871
52.9517 4.76325
52.9501 4.7634
52.9508 4.75732
52.9118 4.77788
52.0609 4.91501
52.0474 4.94527
52.0299 5.03476
52.0264 5.05188
52.0426 5.07136
52.037 5.08313
52.0363 5.0928
52.02 5.09371
52.0136 5.11001
52.0093 5.09597
52.007 5.09361
51.9905 5.10498
51.9722 4.94149
51.9606 4.88244
52.3753 4.75421
52.3794 4.75406
52.3803 4.79178
52.3654 4.80161
52.358 4.79411
52.3577 4.79265
52.3509 4.783
52.3558 4.78181
52.3551 4.78557
52.3531 4.79417
52.3432 4.79627
52.3336 4.78133
52.3397 4.77969
52.3361 4.77541
52.3667 4.85727
52.378 4.85728
52.3732 4.85996
52.3738 4.86217
52.3719 4.86166
52.3698 4.86354
52.3681 4.86369
52.37 4.86681
52.3714 4.87799
52.3672 4.87331
52.368 4.86935
52.3658 4.86974
52.3625 4.86846
52.364 4.86491
52.3523 4.85523
52.4657 4.74425
52.5285 4.71395
52.5292 4.71757
52.5345 4.76959
52.5169 4.77991
52.5028 4.74965
52.4906 4.74744
52.4776 4.74898
52.4998 4.76363
52.4967 4.76599
52.4997 4.78683
52.4774 4.79916
52.4869 4.80362
52.4982 4.80735
52.4972 4.81226
52.5515 4.80519
52.5636 4.83213
52.5391 4.87317
52.4702 4.8415
52.2774 4.74846
52.2753 4.75421
52.2831 4.77251
52.2771 4.79564
52.2738 4.80052
52.2788 4.80168
52.2805 4.80455
52.2738 4.82457
52.2832 4.83651
52.2817 4.8476
52.2851 4.86238
52.2798 4.86181
52.2529 4.83545
52.2499 4.83159
51.4562 3.58468
51.4554 3.57495
51.4424 3.57267
51.4444 3.57204
51.4509 3.55998
51.4532 3.55835
51.461 3.5586
51.456 3.5689
51.4626 3.57313
51.4631 3.5698
51.4636 3.57018
51.4723 3.56537
51.4736 3.53164
51.4723 3.52175
51.5112 3.46715
51.8977 4.50477
51.8953 4.50977
51.8957 4.51352
51.8932 4.51371
51.8927 4.51259
51.8917 4.51468
51.8846 4.51905
51.8909 4.50803
51.8878 4.49703
51.8755 4.49805
51.8849 4.46798
51.8867 4.47136
51.8903 4.48223
51.8946 4.49089
51.9014 4.47861
51.9291 4.47748
51.9219 4.47649
51.9081 4.48084
51.9094 4.47247
51.9153 4.46792
51.918 4.46704
51.9141 4.46191
51.9055 4.45781
51.9286 4.46075
51.9288 4.45661
51.9336 4.45619
51.935 4.44158
51.9367 4.43535
51.9427 4.38138
51.9431 4.378
51.9141 4.31609
51.8733 4.26006
51.7944 4.27555
51.7569 4.17019
51.8282 4.16496
51.8281 4.15448
51.8344 4.15926
51.8783 4.17648
51.9032 4.16919
51.9136 4.10917
51.9815 4.11382
51.8817 4.22518
51.9058 4.24033
51.9054 4.24199
51.9052 4.24239
51.9267 4.25126
52.3325 4.8864
52.3435 4.89351
52.3529 4.8933
52.3862 4.90946
52.3964 4.91716
52.3928 4.92588
52.3866 4.91969
52.372 4.92264
52.368 4.92533
52.3621 4.93017
52.363 4.92753
52.361 4.92581
52.3574 4.92405
52.3538 4.92112
52.2935 4.86058
52.0461 4.57355
52.0466 4.57548
52.0461 4.57751
52.0123 4.58683
52.0084 4.578
51.9901 4.59195
51.9787 4.60204
51.9727 4.59079
52.0094 4.54368
52.1249 4.4414
52.1285 4.44137
52.1551 4.41791
52.1453 4.41506
52.1475 4.40944
52.1486 4.39317
52.1573 4.38446
52.1978 4.40579
52.2022 4.41174
52.2069 4.41165
52.2126 4.42163
52.2084 4.42507
52.1981 4.42619
52.1852 4.44621
52.6516 4.8127
52.6572 4.81112
52.6487 4.82588
52.6479 4.82718
52.6329 4.8309
52.6319 4.88225
52.5489 4.9212
52.5169 4.92624
52.5139 4.95472
52.5104 4.9499
52.5092 4.94841
52.5079 4.94615
52.4848 4.964
51.2898 4.05263
51.3227 3.98272
51.3269 3.9698
51.244 3.94277
51.2631 3.91575
51.2662 3.90383
51.3049 3.89518
51.3363 3.89336
51.3228 3.85457
51.3231 3.8533
51.3192 3.85102
51.3297 3.8478
51.3233 3.84414
51.2806 3.83232
51.3108 3.7777
51.5038 3.89141
51.5126 3.87969
51.5285 3.89627
52.0735 4.75695
52.0047 4.75284
51.998 4.77962
52.06 4.82455
52.0915 4.87549
52.0869 4.87698
52.0791 4.87473
51.9654 4.84034
51.9476 4.8689
51.9487 4.8506
51.9485 4.84009
51.9283 4.81042
51.9244 4.83178
51.8891 4.85703
51.822 4.84229
51.8266 4.83073
51.879 4.82296
51.9639 4.54451
51.9618 4.55292
51.9385 4.5507
51.9333 4.56867
51.9323 4.57077
51.9226 4.55784
51.9301 4.54532
51.9383 4.53652
51.9409 4.5401
51.9431 4.53926
51.9551 4.53012
51.9468 4.56567
51.9359 4.58185
51.9351 4.5882
51.9301 4.59766
51.925 4.59019
51.9162 4.58641
51.9095 4.59903
51.9133 4.61367
51.8692 4.61602
51.8804 4.55828
51.8845 4.55702
51.8873 4.55282
51.8726 4.54603
51.8803 4.53961
51.894 4.54129
51.9161 4.55517
52.3547 4.62242
52.3583 4.62188
52.3623 4.61618
52.3694 4.6094
52.37 4.61311
52.3703 4.62668
52.3787 4.62394
52.3802 4.63908
52.3684 4.64222
52.3709 4.64947
52.3755 4.65651
52.3746 4.67911
52.3718 4.67412
52.3665 4.66003
52.4579 4.62888
52.455 4.62512
52.4555 4.62178
52.4608 4.61513
52.4621 4.61308
52.4756 4.62982
52.4855 4.65277
52.4724 4.66204
52.4385 4.6566
52.4344 4.64627
52.4338 4.64387
52.432 4.64262
52.4198 4.64966
52.3799 4.64745
52.2008 4.8885
52.1345 5.05001
52.118 5.08721
52.1035 5.09387
52.1015 5.1015
52.106 5.10964
52.1166 5.11295
52.1158 5.12705
52.1143 5.13503
52.106 5.14165
52.103 5.1392
52.1001 5.13737
52.0834 5.1291
52.077 5.13759
52.0646 5.13632
52.0753 5.1149
52.0669 5.09637
51.9643 5.03459
52.072 5.19172
52.0421 5.174
52.0351 5.17118
52.033 5.17239
52.0149 5.17064
52.0126 5.185
51.9457 5.20541
51.8836 5.11218
51.8762 5.13551
51.8483 5.19091
51.8272 5.18032
51.7798 5.13554
51.8922 5.08782
51.8897 5.07798
51.8251 5.0408
52.3009 4.54743
52.3679 4.54348
52.374 4.53323
52.3797 4.53159
52.3769 4.53548
52.3753 4.53802
52.3756 4.53966
52.378 4.54564
52.3774 4.55463
52.3183 4.57799
52.323 4.59535
52.3052 4.63436
52.2775 4.63016
52.0407 4.63965
52.0462 4.65696
52.041 4.65468
52.0343 4.65494
52.0261 4.6885
52.0289 4.70312
52.0347 4.70198
52.0483 4.72636
52.0176 4.72387
52.0151 4.70794
52.01 4.70822
52.0097 4.69557
52.0031 4.70524
52.0015 4.70182
51.9753 4.70817
51.9889 4.67173
51.9859 4.67025
52.3297 4.60938
52.3307 4.60747
52.3525 4.61061
52.3473 4.61876
52.3578 4.64775
52.3571 4.65208
52.3187 4.66531
52.3149 4.64936
52.3016 4.64557
52.3005 4.65963
52.3028 4.68127
52.2972 4.67873
52.3002 4.70348
52.2016 4.63329
51.6483 4.5927
51.5727 4.60874
51.5725 4.63188
51.5626 4.62963
51.5261 4.61638
51.5753 4.58391
51.562 4.54259
51.5849 4.534
51.5828 4.52766
51.5816 4.47671
51.5842 4.46308
51.6352 4.46753
51.6856 4.43966
51.7274 4.44454
51.7317 4.44456
51.7731 4.44075
52.0506 4.33462
52.0573 4.33352
52.0687 4.31595
52.0675 4.31348
52.065 4.30828
52.0642 4.30703
52.0625 4.30744
52.0529 4.30207
52.0492 4.29855
52.0608 4.30122
52.0574 4.29547
52.0654 4.28725
52.0813 4.29181
52.082 4.29335
52.0794 4.29483
52.0708 4.31882
52.0545 4.4936
52.0634 4.494
52.0733 4.49512
52.095 4.4726
52.0942 4.47097
52.1214 4.44074
52.1247 4.45576
52.1265 4.45716
52.1411 4.45665
52.1405 4.47435
52.1473 4.47695
52.1526 4.47887
52.1535 4.48423
52.1469 4.48947
52.1442 4.49555
52.1201 4.49776
52.1182 4.49909
52.0726 4.51214
52.0424 4.32461
52.023 4.31438
52.0429 4.31428
52.0605 4.31759
52.0784 4.30657
52.0825 4.30574
52.0843 4.31195
52.0875 4.30876
52.0923 4.30612
52.0939 4.30251
52.101 4.29964
52.0744 4.32041
52.2958 4.9208
52.3177 4.94704
52.3173 4.94738
52.3169 4.95483
52.3325 4.95892
52.3433 4.96515
52.3262 4.97599
52.296 4.99306
52.2988 4.97768
52.3001 4.97103
52.2997 4.96897
52.2906 4.97086
52.2955 4.96501
52.2973 4.96376
51.8088 4.55446
51.8054 4.55658
51.7672 4.5275
51.7883 4.4736
51.7704 4.44466
51.8144 4.42907
51.8526 4.43197
51.8582 4.42382
51.8736 4.44796
51.8767 4.46615
51.8711 4.47196
51.8738 4.48078
51.8729 4.48209
51.8709 4.48341
51.8873 4.47423
52.0049 4.38029
51.9976 4.37303
51.9872 4.35992
51.986 4.36032
51.987 4.35599
51.9844 4.34971
51.9818 4.34589
51.9841 4.3388
51.9957 4.34013
51.9959 4.34231
51.9965 4.35644
51.9976 4.35843
52.0452 4.38345
52.4042 4.89828
52.3993 4.91721
52.4127 4.91728
52.4336 4.9137
52.4729 4.91832
52.4938 4.93126
52.4985 4.93287
52.4346 4.99814
52.3323 5.06544
52.311 5.03307
52.3093 5.03267
52.3095 5.03547
52.3082 5.03807
52.3005 5.04277
52.247 5.11321
52.3766 4.87173
52.3768 4.87241
52.3815 4.87646
52.3759 4.87929
52.3753 4.87931
52.3726 4.88211
52.3737 4.89596
52.3737 4.89745
52.3741 4.90018
52.3743 4.90072
52.3778 4.90559
52.3734 4.90545
52.3713 4.90538
52.3667 4.88977
52.3666 4.88758
52.3821 4.62012
52.3908 4.62752
52.3992 4.63256
52.4107 4.62295
52.4157 4.61951
52.4214 4.63384
52.4139 4.65385
52.4143 4.65452
52.4105 4.65406
52.4072 4.65251
52.392 4.64071
52.3826 4.64213
52.381 4.64567
52.381 4.63628
52.1676 4.82536
52.2058 4.99453
52.2115 5.02388
52.137 5.04245
52.1336 5.03323
52.1332 5.01737
52.0847 5.0455
52.0863 5.03183
52.082 5.00772
52.095 5.00403
52.0879 4.9589
52.0857 4.91411
52.0818 4.89573
52.113 4.89188
52.6605 4.81535
52.6593 4.82206
52.6534 4.82476
52.652 4.82626
52.6553 4.83156
52.6585 4.83221
52.6573 4.83757
52.6885 4.82977
52.698 4.80472
52.7029 4.81373
52.7138 4.80053
52.7102 4.81821
52.7422 4.86259
52.7135 4.9428
52.639 5.03124
52.6318 5.00888
52.6265 4.94843
52.091 4.29719
52.0775 4.28169
52.0773 4.27743
52.0872 4.27478
52.0888 4.27235
52.0986 4.27484
52.0986 4.28114
52.1045 4.27964
52.1114 4.2868
52.1097 4.28933
52.1114 4.29228
52.112 4.29262
52.1086 4.29584
52.1012 4.29739
52.7105 4.69602
52.7226 4.66661
52.7418 4.65062
52.7489 4.70347
52.7814 4.72683
52.7728 4.74376
52.8591 4.83339
52.8616 4.83411
52.9094 4.97021
52.79 4.80215
52.7914 4.8014
52.7904 4.79396
52.7884 4.78189
52.7817 4.78693
52.7195 4.73137
52.6291 4.71968
51.9163 4.36269
51.9091 4.35948
51.9122 4.3577
51.914 4.35628
51.9119 4.34251
51.9137 4.33976
51.9102 4.32817
51.9048 4.31692
51.9169 4.31349
51.9145 4.32053
51.916 4.32263
51.9129 4.32382
51.9146 4.32488
51.9318 4.3385
51.9321 4.34018
51.6831 4.93661
51.6883 5.0481
51.693 5.08501
51.6876 5.0717
51.6586 5.02603
51.6209 4.95931
51.6238 4.95491
51.6239 4.92296
51.5812 4.99234
51.5456 4.938
51.4485 4.92142
51.5035 4.86903
52.6183 4.7373
52.633 4.73745
52.6363 4.73708
52.6351 4.74183
52.6401 4.74024
52.6508 4.74742
52.6526 4.74846
52.6554 4.75552
52.657 4.75536
52.6528 4.77139
52.6402 4.77188
52.6313 4.76552
52.643 4.75226
52.6397 4.75155
52.6285 4.74705
51.9094 4.44532
51.9161 4.43731
51.9193 4.43518
51.9169 4.42387
51.9143 4.42059
51.9023 4.40754
51.903 4.40614
51.9119 4.40437
51.9131 4.39525
51.9209 4.39389
51.9215 4.38908
51.9231 4.39334
51.9245 4.39989
51.9204 4.40666
51.9179 4.41152
51.9296 4.43163
52.0683 4.36648
52.0678 4.3603
52.0456 4.33571
52.0539 4.34181
52.0745 4.34589
52.0805 4.34863
52.0853 4.34106
52.0861 4.33882
52.0864 4.33524
52.0952 4.32958
52.1048 4.32692
52.0925 4.35091
52.0762 4.35858
52.0792 4.36636
51.9958 4.22736
52.0065 4.2284
52.0072 4.22901
52.0265 4.22074
52.0512 4.23556
52.0538 4.25239
52.0604 4.25753
52.0559 4.24164
52.0615 4.23501
52.0649 4.24515
52.0768 4.24627
52.0787 4.24913
52.09 4.25503
52.0923 4.25853
52.0927 4.26029
52.0714 4.2663
51.7827 5.04975
51.6909 5.09724
51.6787 5.12552
51.6241 5.07917
51.5782 5.12987
51.5394 5.09337
51.5395 5.09203
51.5385 5.09183
51.545 5.0814
51.5481 5.07776
51.5514 5.0673
51.5457 5.05998
51.5282 5.07502
51.5303 5.07213
51.5236 5.04405
51.5301 4.45374
51.527 4.46932
51.5259 4.46959
51.5193 4.46091
51.5132 4.4587
51.5134 4.43647
51.4833 4.41404
51.5105 4.28872
51.5135 4.28718
51.5329 4.21887
51.5269 4.21306
51.5701 4.20069
51.5908 4.28904
51.6826 4.34273
51.6812 4.3492
51.8277 4.44572
52.399 4.93021
52.399 4.93026
52.3984 4.93723
52.4004 4.94175
52.3932 4.94235
52.3769 4.94771
52.3677 4.9537
52.3653 4.94509
52.366 4.94084
52.362 4.93753
52.3654 4.93278
52.3708 4.93126
52.3706 4.93084
52.3718 4.92782
52.3634 4.9299
52.3625 4.93032
52.3446 4.90501
52.2986 5.1499
52.2953 5.1593
52.2764 5.15582
52.2698 5.15514
52.2716 5.15897
52.2702 5.16501
52.2324 5.19833
52.2148 5.19367
52.2254 5.18414
52.2192 5.1697
52.2333 5.17372
52.2396 5.17206
52.2413 5.16246
52.2202 5.15973
52.2177 5.14888
52.2189 5.14459
52.3521 5.17781
52.3577 5.1767
52.3702 5.18057
52.3611 5.18731
52.3376 5.20268
52.3017 5.21449
52.3003 5.22892
52.3062 5.24076
52.296 5.23822
52.2919 5.24564
52.2714 5.25199
52.2696 5.2501
52.2675 5.23014
52.2957 5.19543
52.2751 5.18049
52.2677 5.1756
52.2776 5.16642
52.2778 5.16409
52.3494 4.88006
52.3499 4.88074
52.351 4.87722
52.3571 4.87406
52.3576 4.87604
52.3594 4.87976
52.354 4.93132
52.3556 4.93405
52.3592 4.93575
52.3563 4.93741
52.3519 4.93775
52.3524 4.94429
52.3487 4.93753
52.331 4.93366
52.3324 4.92215
52.3058 4.87167
51.9354 4.27763
51.928 4.27313
51.9758 4.25594
51.986 4.25001
52.021 4.27327
52.0222 4.27749
52.0229 4.28265
52.0239 4.29346
52.021 4.30045
52.0391 4.3092
52.0412 4.3112
52.0346 4.31772
52.1619 4.49449
52.1627 4.50664
52.1673 4.50525
52.1733 4.50334
52.1679 4.52187
52.1724 4.53109
52.1665 4.53475
52.161 4.53723
52.1512 4.53063
52.1279 4.58724
52.1336 4.59839
52.1315 4.60475
52.1279 4.59386
52.1239 4.58839
52.094 4.58905
52.0755 4.54864
52.0758 4.54619
52.6158 4.62447
52.6159 4.62482
52.6202 4.62313
52.5803 4.69772
52.5563 4.72948
52.5465 4.67519
52.5486 4.66679
52.5527 4.66075
52.5476 4.66366
52.5364 4.67661
52.5165 4.68206
52.5122 4.67994
52.5125 4.6703
52.5134 4.66699
52.4927 4.65038
52.4868 4.65915
52.3803 4.65889
52.3801 4.67004
52.4133 4.68822
52.4567 4.71849
52.4643 4.73756
52.4889 4.74404
52.4667 4.78178
52.4584 4.80014
52.4513 4.80284
52.4568 4.8097
52.4409 4.81787
52.444 4.83641
52.4451 4.84431
52.4338 4.83851
52.4357 4.8356
52.0228 4.36956
52.0188 4.36474
52.0138 4.36297
52.0142 4.36155
52.012 4.35788
52.0135 4.35085
52.005 4.34905
52.0051 4.34767
52.0126 4.34124
52.0162 4.33887
52.0159 4.34335
52.0229 4.34825
52.0243 4.35258
52.0377 4.35928
52.0428 4.3716
52.0483 4.37852
52.0452 4.3985
51.8241 4.8856
51.8429 4.9645
51.8317 4.97072
51.7753 4.91771
51.7736 4.91833
51.7329 4.8588
51.6939 4.87177
51.6496 4.86107
51.6325 4.86164
51.5924 4.86144
51.6259 4.84771
51.6406 4.85193
51.6603 4.81849
51.6603 4.81321
51.6612 4.80788
52.1528 4.45558
52.1868 4.44553
52.1977 4.44511
52.2278 4.44295
52.2381 4.44725
52.2449 4.43948
52.2322 4.45795
52.2353 4.45612
52.2386 4.45611
52.2517 4.47434
52.2809 4.48823
52.2597 4.498
52.2587 4.49691
52.2581 4.494
52.2527 4.49036
52.0554 4.465
52.04 4.40644
52.0425 4.3982
52.0694 4.41328
52.0722 4.40247
52.0767 4.37962
52.0721 4.37008
52.084 4.36356
52.0906 4.36278
52.1004 4.35929
52.1022 4.35868
52.0932 4.38713
52.0803 4.39517
52.0889 4.39576
52.0936 4.4055
52.0644 4.48149
51.649 4.75462
51.6072 4.76873
51.6054 4.78
51.6091 4.78899
51.5872 4.79142
51.583 4.78837
51.5815 4.78644
51.5869 4.77499
51.5792 4.76128
51.5837 4.73818
51.5721 4.73947
51.5196 4.76244
51.5436 4.71161
51.604 4.73433
51.6058 4.73538
52.0506 4.51576
52.0555 4.5097
52.0627 4.50874
52.0657 4.50794
52.0683 4.5125
52.0664 4.51582
52.0742 4.51596
52.0643 4.52914
52.0632 4.5373
52.0041 4.49782
51.9906 4.50109
51.9997 4.46912
51.9807 4.45508
52.0005 4.4393
52.0058 4.44245
52.0169 4.44724
52.0443 4.46908
52.0542 4.46706
52.0333 4.48392
52.0377 4.49301
52.0444 4.49651
51.8276 4.73111
51.8257 4.68985
51.8079 4.68578
51.8046 4.68264
51.7925 4.67175
51.7973 4.66439
51.8113 4.65404
51.8161 4.65073
51.8359 4.64364
51.8259 4.64153
51.8152 4.61925
51.7838 4.61236
51.781 4.60795
51.8135 4.61197
51.8357 4.60735
51.8653 4.61587
52.4985 4.96038
52.499 4.9746
52.5082 4.97438
52.5233 4.96924
52.5701 5.00107
52.5145 5.04847
52.5128 5.05033
52.498 5.04407
52.4978 5.07233
52.4947 5.07297
52.493 5.06964
52.4935 5.06725
52.4574 5.0421
52.45 5.04263
52.4499 5.04184
52.1596 4.47902
52.1665 4.4693
52.1615 4.46701
52.1657 4.45084
52.1824 4.46354
52.1852 4.47232
52.1718 4.48252
52.1772 4.48823
52.17 4.49152
52.1632 4.48382
52.1613 4.48744
52.1613 4.49126
52.3922 4.87336
52.4188 4.88051
52.4173 4.88565
52.4191 4.88806
52.4117 4.89273
52.4035 4.888
52.3842 4.88973
52.3844 4.8925
52.3796 4.89342
52.3774 4.89362
52.3786 4.88364
52.3821 4.87666
52.3845 4.87393
51.9968 4.21309
51.9928 4.21236
51.9871 4.21267
51.9705 4.20781
51.9814 4.18092
52.0015 4.17007
52.0004 4.15494
52.0048 4.1616
52.0067 4.16578
52.0357 4.19131
52.0193 4.20139
52.0173 4.21333
52.0495 4.28967
52.0519 4.27837
52.0517 4.27788
52.0461 4.28115
52.0372 4.27295
52.0459 4.26004
52.0523 4.27119
52.0599 4.26563
52.0612 4.2797
52.0624 4.27545
52.0649 4.27287
52.0697 4.27405
52.0755 4.27232
52.0771 4.27192
52.0697 4.27676
52.0671 4.27871
52.066 4.28251
51.7477 4.09849
51.7485 4.08267
51.6019 4.10544
51.603 4.10183
51.5894 4.01878
51.6343 4.0057
51.6232 3.98495
51.6578 3.93578
51.6577 3.92674
51.65 3.92506
51.6494 3.91724
51.7294 3.86784
51.7277 3.90718
51.8038 4.02533
51.8834 4.0588
51.8727 4.07518
51.9126 4.09525
51.5111 5.37687
51.9555 5.58025
51.9605 5.56167
51.9653 5.56512
51.9692 5.56739
51.9615 5.54338
51.9473 5.52147
51.9817 5.51661
52.0198 5.53418
52.0103 5.60496
51.9846 5.64684
51.9743 5.65872
51.9651 5.66182
51.4425 5.3357
51.4175 5.30918
51.4235 5.27452
51.3729 5.21114
51.3648 5.1598
51.4095 5.14761
51.4646 5.14154
51.5 5.13255
51.5624 5.10655
51.5831 5.08653
51.5901 5.08233
51.5784 5.14534
51.5878 5.14193
51.5931 5.14976
51.5118 4.30546
51.5285 4.27809
51.512 4.28469
51.4998 4.28932
51.3928 4.33741
51.2617 4.05546
51.2632 4.05323
51.3154 4.0498
51.2774 3.97335
51.2846 3.83646
51.3083 3.84852
51.3111 3.9423
51.5384 4.2204
51.6145 4.16433
51.5985 4.21552
51.6832 4.35237
51.6368 4.3634
51.657 4.40799
52.0688 5.19927
52.1242 5.19242
52.2222 5.15479
52.2413 5.17384
52.231 5.17909
52.2319 5.19626
52.2366 5.19681
52.2515 5.22818
52.2536 5.23701
52.2468 5.23248
52.2241 5.22696
52.1752 5.21548
52.1363 5.22582
52.0964 5.24585
52.1009 5.22533
52.0882 5.21434
51.9514 5.29299
50.8932 6.00135
50.892 6.0562
50.8911 6.06748
50.8905 6.06887
50.8648 6.07311
50.8614 6.07479
50.8641 6.06274
50.8617 6.06221
50.8581 6.0639
50.8659 6.03688
50.8654 6.03413
50.8699 6.00921
50.8306 5.98121
50.8166 6.01039
50.7747 6.01686
50.8093 5.95618
50.8445 5.94764
50.936 5.94823
50.951 5.9582
50.9659 5.9751
50.9486 5.98203
50.9114 6.05057
50.9092 6.04518
50.8986 6.02486
50.9 6.01924
50.8927 5.98849
50.889 5.9817
50.8959 5.97331
50.8762 5.97714
50.8761 5.96524
50.8795 5.96543
50.8828 5.96635
50.8809 5.93384
50.906 5.93674
52.1178 5.87797
51.9911 5.91696
51.9873 5.92212
51.9788 5.95855
51.9761 5.9197
51.981 5.91721
51.9824 5.90398
51.9559 5.90683
51.9485 5.90946
51.9381 5.89888
51.9425 5.88676
51.9467 5.86702
51.9497 5.86383
51.961 5.85251
51.925 5.86154
51.9587 5.41812
52.0801 5.4188
52.1291 5.41848
52.1471 5.40711
52.1337 5.41894
52.1372 5.42194
52.1346 5.42887
52.1348 5.43545
52.1337 5.4427
52.1277 5.43929
52.1262 5.44265
52.0958 5.48532
52.0809 5.48285
52.0521 5.47531
51.6862 4.90175
51.7857 4.67247
51.7708 4.64434
51.781 4.61634
51.8184 4.6194
51.8395 4.62608
51.826 4.65841
51.8033 4.65101
51.7985 4.65692
51.8027 4.66951
51.8041 4.66814
51.8097 4.65825
51.8154 4.6665
51.8192 4.69166
51.8152 4.71752
51.836 4.72084
51.829 4.73754
51.8036 4.7305
51.7384 4.89733
51.5711 4.82997
51.5638 4.79701
51.5749 4.797
51.5915 4.80836
51.5919 4.80019
51.5926 4.79526
51.5749 4.77242
51.5881 4.77596
51.5909 4.78312
51.6047 4.78272
51.6091 4.74515
51.6818 4.79071
51.6805 4.81664
51.7317 5.87709
51.7476 5.88433
51.7494 5.88757
51.7624 5.87028
51.7742 5.87852
51.7872 5.91681
51.6969 5.936
51.6557 5.93165
51.6432 5.9351
51.6442 5.95357
51.6369 5.96763
51.6003 5.98777
51.585 6.00902
51.5737 6.00681
51.6271 5.88543
51.5396 5.71241
51.5013 5.38849
51.4959 5.39684
51.4241 5.39827
51.422 5.39637
51.4189 5.3952
51.417 5.39697
51.4144 5.40845
51.4069 5.40565
51.4007 5.387
51.3214 5.36294
51.3196 5.35182
51.3213 5.34969
51.374 5.33539
51.8158 5.85099
51.8184 5.84875
51.8284 5.85538
51.831 5.85317
51.8334 5.85181
51.8357 5.85067
51.8398 5.85934
51.8432 5.86207
51.8437 5.86127
51.8462 5.86149
51.8481 5.85995
51.8609 5.86584
51.8334 5.86279
51.8219 5.87796
51.7919 5.84183
51.2821 5.75599
51.196 5.8586
51.1892 5.85826
51.1773 5.87093
51.1847 5.9026
51.1386 5.87979
51.1185 5.89494
51.1169 5.89615
51.0946 5.89215
51.1044 5.86797
51.0987 5.87064
51.034 5.86728
51.0602 5.85159
51.062 5.84974
51.2427 5.72456
51.2416 5.72223
51.2621 5.6914
52.1488 5.95247
52.109 6.03045
52.0922 6.06786
52.0584 6.08931
52.0189 6.06424
52.0007 6.02615
52.0004 5.985
51.9813 5.97006
51.9611 6.0158
51.9432 6.06464
51.9403 6.12413
51.9307 6.12497
51.9396 6.13613
51.8767 6.22051
52.1348 5.50253
52.1349 5.49794
52.2209 5.4669
52.2239 5.49347
52.2175 5.49615
52.2129 5.49856
52.1958 5.55517
52.2645 5.58788
52.2558 5.59371
52.219 5.70515
52.1889 5.60794
52.1626 5.6025
52.1647 5.57843
52.1486 5.58252
52.141 5.58733
51.2848 5.5473
51.2998 5.56744
51.3099 5.62105
51.2712 5.70445
51.243 5.70635
50.9913 5.76577
50.9422 5.80321
50.9417 5.79705
50.9453 5.76908
50.9418 5.76731
50.9414 5.76527
50.9287 5.75699
50.9505 5.7645
51.3043 5.42506
51.7002 5.5653
51.6989 5.59144
51.66 5.61015
51.6717 5.61868
51.645 5.63568
51.7012 5.73302
51.6915 5.73715
51.6877 5.7679
51.6898 5.77938
51.6848 5.77974
51.6154 5.71592
51.6026 5.67582
51.5516 5.69155
51.5975 5.60563
51.5885 5.58878
51.7881 5.74743
51.8133 5.791
51.8088 5.79645
51.8073 5.80052
51.8168 5.79675
51.8355 5.8185
51.8438 5.82398
51.8474 5.83815
51.8427 5.83685
51.8358 5.83413
51.8112 5.80925
51.8052 5.81447
51.7979 5.80894
51.7968 5.80976
51.8008 5.80255
51.625 5.87272
51.6285 5.87464
51.5242 5.93979
51.5322 5.96834
51.5204 5.97831
51.5182 5.96202
51.5149 5.96121
51.4737 5.91439
51.4012 5.95715
51.3472 5.87903
51.3168 5.89078
51.2905 5.75095
50.8724 5.82521
50.8649 5.83581
50.8241 5.814
50.8184 5.8037
50.7885 5.80673
50.7808 5.72056
50.7783 5.71184
50.8213 5.72449
50.8505 5.7135
50.8458 5.70443
50.8483 5.70287
50.8497 5.70205
50.8416 5.66878
50.8554 5.67453
50.8646 5.65922
50.8811 5.68615
51.7479 5.63106
51.7726 5.63947
51.8019 5.71728
51.8062 5.71707
51.8141 5.71795
51.8145 5.72775
51.8101 5.73274
51.7851 5.8567
51.7765 5.85038
51.7484 5.83349
51.7401 5.78318
51.7511 5.75186
51.7598 5.73999
51.7629 5.73366
51.7016 5.67103
51.81 5.42429
51.8478 5.39047
51.8673 5.38908
51.8894 5.42355
51.8866 5.43017
51.8866 5.43044
51.8869 5.43575
51.8879 5.43531
51.8914 5.43102
51.8981 5.4329
51.8951 5.4435
51.8943 5.44746
51.8794 5.47625
51.8528 5.43244
51.7505 5.49712
51.701 5.26044
51.7216 5.2656
51.7221 5.26504
51.7457 5.25048
51.7512 5.2702
51.8033 5.24267
51.8718 5.27849
51.8836 5.29282
51.9064 5.33654
51.8516 5.30892
51.8108 5.31689
51.7751 5.337
51.7542 5.32836
51.7371 5.45856
51.7796 5.50352
51.7981 5.49527
51.8874 5.59706
51.8878 5.60183
51.8909 5.60937
51.8873 5.63668
51.8863 5.6888
51.8551 5.60818
51.7387 5.55853
51.7744 5.5428
51.7655 5.5229
51.7484 5.51533
51.747 5.50609
51.7449 5.50396
51.6517 5.47847
52.0472 5.26861
52.0787 5.27287
52.1137 5.2804
52.1636 5.30768
52.1668 5.31053
52.1827 5.29634
52.1742 5.28941
52.1718 5.28023
52.1836 5.2722
52.1824 5.27872
52.192 5.2838
52.2135 5.29428
52.2056 5.30312
52.2387 5.3677
52.2442 5.37044
52.2462 5.37378
52.2402 5.37655
51.9151 5.57363
52.0839 5.6153
52.0533 5.64248
52.0472 5.65487
52.0458 5.65664
52.0367 5.65798
52.0429 5.66591
52.0428 5.67629
52.0254 5.66436
52.027 5.66054
52.0244 5.65807
52.0078 5.66639
52.0057 5.6773
52.0041 5.66266
51.7224 5.4397
51.6646 5.5579
51.6483 5.53564
51.6269 5.55274
51.6279 5.55484
51.623 5.55511
51.6276 5.56442
51.6252 5.5647
51.619 5.53702
51.5926 5.54406
51.5395 5.57333
51.5188 5.51071
51.5347 5.4872
51.5353 5.48713
51.5491 5.48479
51.5279 5.47688
51.5126 5.39649
52.0167 6.14243
52.004 6.14791
51.9573 6.21618
51.9659 6.25458
51.9613 6.26184
51.9629 6.2675
51.9646 6.28706
51.9704 6.3172
51.949 6.31339
51.9281 6.31454
51.9223 6.3467
51.9197 6.3535
51.8923 6.39302
51.8752 6.50848
51.8711 6.47613
51.8749 6.3786
51.8772 6.25611
51.68 5.32776
51.6898 5.33544
51.7002 5.33785
51.6937 5.30467
51.72 5.31726
51.7244 5.29405
51.7282 5.28881
51.7272 5.29675
51.7297 5.30507
51.7331 5.31548
51.7331 5.33372
51.7234 5.35868
51.7265 5.36513
51.6119 5.46449
50.9813 5.93919
50.9681 5.97714
50.9534 5.93803
50.9575 5.9245
50.9506 5.90531
50.9172 5.8842
50.9464 5.84884
50.9361 5.84437
50.9593 5.83441
50.9631 5.821
50.9152 5.83064
50.9033 5.78557
51.9433 5.1413
51.9643 5.155
52.0092 5.03273
52.0379 4.94986
52.0477 4.95716
52.0245 5.02749
52.0422 5.08232
52.0407 5.09025
52.023 5.09532
52.0659 5.1393
52.0232 5.13989
52.0382 5.15688
52.0287 5.17609
52.0148 5.19144
51.8125 5.24884
51.5406 5.62662
51.5274 5.62446
51.4883 5.64843
51.4809 5.65813
51.4912 5.66398
51.4828 5.665
51.4904 5.67337
51.4748 5.68083
51.4139 5.74547
51.4039 5.75291
51.404 5.76174
51.3976 5.75156
51.3983 5.75098
51.3801 5.71279
51.4667 5.63654
51.471 5.63782
51.469 5.63345
51.9424 5.51788
52.0109 5.56375
52.0232 5.54231
52.0231 5.53119
52.0299 5.53047
52.0331 5.55768
52.0392 5.5532
52.0508 5.55668
52.0806 5.55214
52.0509 5.57255
52.0495 5.60553
52.0442 5.62815
52.0432 5.62809
52.0413 5.63816
52.039 5.64036
52.034 5.64244
52.0188 5.63665
51.623 5.08228
51.6304 5.0818
51.6302 5.07061
51.6675 5.0391
51.6699 5.03919
51.6713 5.04647
51.6866 5.06635
51.6922 5.08129
51.6823 5.08651
51.7265 5.13337
51.7278 5.15474
51.6866 5.14845
51.6786 5.13471
51.6542 5.22155
51.6058 5.21947
51.628 5.22937
51.632 5.23366
51.6331 5.22619
51.6609 5.23437
51.6621 5.2318
51.69 5.19663
51.7008 5.20738
51.7025 5.21042
51.7029 5.21111
51.7009 5.21167
51.7193 5.2678
51.6977 5.26246
51.6433 5.28784
51.5874 5.39992
51.7497 5.22787
51.8911 5.1943
51.9463 5.21913
51.9495 5.24448
51.9509 5.2496
52.0285 5.34582
52.0329 5.35162
52.0326 5.34716
52.0385 5.34245
52.0606 5.35727
52.0565 5.40701
52.0033 5.38902
52.0006 5.45323
51.9407 5.35352
51.6131 5.29383
51.62 5.2754
51.6497 5.29716
51.6575 5.29705
51.6692 5.29364
51.6862 5.2903
51.6873 5.29995
51.6861 5.30642
51.6489 5.35452
51.641 5.36019
51.6093 5.35938
51.3429 6.09496
51.3757 6.1305
51.3579 6.13787
51.3628 6.14177
51.3686 6.14095
51.3761 6.13742
51.3829 6.1806
51.3793 6.1837
51.3762 6.19807
51.3617 6.17034
51.3624 6.16861
51.335 6.14497
51.3391 6.13481
51.335 6.13292
51.3132 6.12003
51.2825 6.08178
51.2941 6.05541
51.2537 5.73416
51.1719 5.81929
51.169 5.81779
51.0036 5.89431
51.0056 5.88441
51.0016 5.87458
50.9982 5.87208
50.9979 5.86725
50.9889 5.85468
50.9794 5.83777
50.9944 5.82558
50.9881 5.81638
51.0112 5.81544
51.2031 5.99622
51.1888 6.00672
51.1863 6.00564
51.1898 6.01074
51.1558 6.05893
51.1578 6.06797
51.1531 6.06365
51.1339 6.07739
51.117 6.03826
51.1567 6.01754
51.1575 6.01241
51.1594 6.01405
51.1631 6.01534
51.1801 6.00508
51.1869 5.99569
51.1899 5.99199
51.1958 5.98435
51.9268 5.719
51.909 5.7307
51.8727 5.73891
51.8623 5.75339
51.8564 5.76241
51.8531 5.76353
51.8506 5.7744
51.8328 5.77774
51.8278 5.75472
51.8318 5.74672
51.8233 5.73076
51.8109 5.73704
51.8069 5.73878
51.6671 5.64056
50.9272 5.91688
50.9252 5.93371
50.8981 5.91421
50.8651 5.89825
50.8096 5.92226
50.8092 5.91642
50.7895 5.91748
50.7737 5.9102
50.8125 5.89109
50.8328 5.89337
50.8416 5.87787
50.8519 5.87806
50.8809 5.87615
51.4452 5.44303
51.4391 5.47182
51.4302 5.46326
51.4257 5.46542
51.4209 5.46516
51.4235 5.46212
51.4176 5.45553
51.4172 5.44526
51.4188 5.43702
51.4213 5.41793
51.4236 5.41759
51.434 5.41353
51.4502 5.40404
51.7568 5.04776
51.7297 4.9985
51.733 4.96246
51.791 5.03027
51.8918 5.07406
51.8984 5.07789
51.898 5.0943
51.9033 5.10082
51.8943 5.10186
51.8814 5.10358
51.8978 5.14584
51.819 5.15275
51.8087 5.16808
52.0696 5.0931
52.0715 5.09443
52.0767 5.09709
52.0773 5.09677
52.0955 5.1069
52.1172 5.12206
52.1178 5.12245
52.112 5.12338
52.0945 5.12235
52.0943 5.13151
52.092 5.1298
52.0852 5.14702
52.0776 5.13439
52.0772 5.13486
52.0658 5.13662
51.3176 5.99808
51.259 5.97297
51.261 5.98899
51.2389 6.04727
51.2319 6.03618
51.2358 5.97467
51.2359 5.96044
51.2427 5.95074
51.1746 5.96505
51.1599 5.94613
51.1567 5.94331
51.1489 5.93336
51.2452 5.90319
51.231 5.88255
51.2763 5.87025
51.46 4.97637
51.4684 4.87546
51.5613 4.83378
51.6339 4.86737
51.6342 4.86184
51.6382 4.84953
51.6519 4.85668
51.6616 4.86448
51.6611 4.86769
51.6294 4.92031
51.624 4.95017
51.5737 5.00327
51.5679 5.01446
51.5723 5.04359
51.8396 4.96824
51.8406 4.95136
51.8121 4.947
51.7778 4.91395
51.8076 4.90474
51.8246 4.87836
51.8702 4.78398
51.9314 4.78378
51.9602 4.7734
51.9741 4.76993
51.9213 4.99451
51.8682 4.99188
51.8328 5.00827
51.9787 5.66333
51.9786 5.67386
51.9838 5.69356
51.9777 5.73036
51.976 5.73619
51.953 5.75847
51.9848 5.74767
51.9882 5.75216
52.0009 5.79541
51.9219 5.86492
51.9188 5.83539
51.9232 5.83357
51.9141 5.83166
51.9147 5.8263
51.9122 5.78246
51.503 5.31625
51.5389 5.08873
51.5261 5.05455
51.5226 5.04355
51.5457 5.03585
51.58 5.03539
51.5686 5.04992
51.5586 5.05453
51.5511 5.0683
51.546 5.07027
51.5555 5.07886
51.5555 5.08272
51.5519 5.08486
51.5649 5.09289
52.1535 5.40521
52.1521 5.3981
52.1549 5.39869
52.1614 5.39358
52.1616 5.38391
52.1776 5.37547
52.1705 5.39208
52.1735 5.39638
52.1828 5.39682
52.182 5.40875
52.1765 5.40916
52.1701 5.41293
52.1658 5.40739
52.1552 5.41074
52.15 5.41314
52.1534 5.42976
52.1455 5.42986
51.4745 4.66365
51.5492 4.5925
51.5348 4.55929
51.5432 4.5234
51.5226 4.44946
51.5099 4.42077
51.5382 4.41809
51.5309 4.44453
51.5356 4.46234
51.5496 4.47242
51.5437 4.48754
51.5573 4.51552
51.5837 4.52807
51.6513 4.59888
51.645 4.60446
51.6432 4.61141
51.5645 4.6495
51.595 4.71665
51.5977 4.77155
51.3004 5.57639
51.2741 5.57423
51.2712 5.57481
51.2669 5.56902
50.8973 5.69906
50.855 5.6923
50.853 5.69183
50.8518 5.6893
50.8502 5.69225
50.8462 5.69277
50.8462 5.68998
50.8411 5.69057
50.8401 5.68406
50.8462 5.68503
50.8636 5.64616
52.093 5.07582
52.084 5.0383
52.0817 5.02984
52.1574 4.98378
52.1429 5.05162
52.1333 5.06307
52.1078 5.10101
52.1038 5.10034
52.1038 5.1043
52.1005 5.10182
52.0994 5.09992
52.0963 5.09279
52.0979 5.10522
51.8506 5.23025
51.8339 5.87898
51.8348 5.87914
51.8393 5.87578
51.8897 5.90457
51.9136 5.95625
51.8774 5.96384
51.8908 5.99931
51.8616 6.04649
51.773 5.97603
51.7749 5.96841
51.8287 5.93255
51.8276 5.90866
51.8296 5.90702
51.8133 5.89325
51.5251 5.3366
51.5421 5.18449
51.5797 5.17122
51.5747 5.19973
51.5786 5.20778
51.5915 5.31459
51.5922 5.31821
51.5887 5.32052
51.5888 5.32086
51.5882 5.33136
51.5756 5.3248
51.4921 5.69092
51.4991 5.74043
51.5015 5.74879
51.5018 5.78069
51.5131 5.78525
51.5499 5.81407
51.511 5.81975
51.4664 5.83601
51.4596 5.82549
51.4617 5.80347
51.4617 5.77486
51.48 5.69592
51.4809 5.67984
51.4547 5.48183
51.4471 5.47795
51.4414 5.48203
51.4339 5.49754
51.429 5.49629
51.4277 5.49759
51.4248 5.49932
51.4254 5.49358
51.3956 5.48892
51.395 5.48008
51.3502 5.46486
51.3619 5.44248
51.3608 5.43608
51.3585 5.43245
51.4626 5.53821
51.4741 5.54706
51.4883 5.57051
51.439 5.61492
51.4384 5.60995
51.4305 5.56426
51.4171 5.56121
51.4289 5.54579
51.4089 5.54348
51.4226 5.54051
51.4384 5.51708
51.4448 5.51335
51.4251 5.51025
51.442 5.48134
51.5115 6.03391
51.5658 6.08514
51.5522 6.10781
51.5333 6.10719
51.5145 6.09773
51.4949 6.10019
51.4613 6.11561
51.42 6.07742
51.4556 6.06104
51.4524 6.04928
51.4163 6.0483
51.415 6.00635
51.4362 5.97755
51.5588 5.41633
51.5601 5.45101
51.5072 5.47413
51.5147 5.48617
51.5112 5.48826
51.5 5.48715
51.4678 5.49209
51.4588 5.47334
51.4522 5.47451
51.4504 5.46419
51.4689 5.45875
51.485 5.44332
51.4826 5.43773
51.5095 5.40547
51.9502 5.23806
52.0189 5.23888
52.0331 5.24667
52.054 5.23576
52.0657 5.20634
52.0667 5.20886
52.0895 5.23803
52.0727 5.26415
52.045 5.28376
51.9988 5.30644
51.9972 5.31332
51.9752 5.32589
51.9729 5.32733